# 4 3 1 1.000000 0.000000 1 128 16
# 0.341899 2.377778
3) 3.418994e-01 2.377778e+00 / 2.656482e+00 6.153816e-01 7.217218e-01 | 1.278055e-10 0.000000e+00 1.278055e-10 | 1.060919e+00 0.000000e+00 1.060919e+00 | 1.000000e+00 0.000000e+00 1.000000e+00 | ( -3.906807e+01 )
3) 3.419115e-01 2.377878e+00 / 2.656445e+00 6.154376e-01 7.217799e-01 | 1.279037e-10 0.000000e+00 1.279037e-10 | 1.061268e+00 0.000000e+00 1.061268e+00 | 1.000000e+00 0.000000e+00 1.000000e+00 | ( -3.904986e+01 )
3) 3.419236e-01 2.377978e+00 / 2.656409e+00 6.154936e-01 7.218380e-01 | 1.280014e-10 0.000000e+00 1.280014e-10 | 1.061618e+00 0.000000e+00 1.061618e+00 | 1.000000e+00 0.000000e+00 1.000000e+00 | ( -3.903162e+01 )
3) 3.419357e-01 2.378078e+00 / 2.656373e+00 6.155497e-01 7.218962e-01 | 1.280995e-10 0.000000e+00 1.280995e-10 | 1.061968e+00 0.000000e+00 1.061968e+00 | 1.000000e+00 0.000000e+00 1.000000e+00 | ( -3.901337e+01 )
3) 3.419478e-01 2.378178e+00 / 2.656336e+00 6.156058e-01 7.219544e-01 | 1.281975e-10 0.000000e+00 1.281975e-10 | 1.062319e+00 0.000000e+00 1.062319e+00 | 1.000000e+00 0.000000e+00 1.000000e+00 | ( -3.899511e+01 )
1) 3.419600e-01 2.378278e+00 / 2.656300e+00 6.156619e-01 7.220127e-01 | 1.282960e-10 0.000000e+00 1.282960e-10 | 1.062669e+00 0.000000e+00 1.062669e+00 | 1.000000e+00 0.000000e+00 1.000000e+00 | ( -3.897683e+01 )
1) 3.419721e-01 2.378378e+00 / 2.656263e+00 6.157181e-01 7.220709e-01 | 1.283944e-10 0.000000e+00 1.283944e-10 | 1.063020e+00 0.000000e+00 1.063020e+00 | 1.000000e+00 0.000000e+00 1.000000e+00 | ( -3.895853e+01 )
1) 3.419842e-01 2.378478e+00 / 2.656227e+00 6.157743e-01 7.221292e-01 | 1.284925e-10 0.000000e+00 1.284925e-10 | 1.063371e+00 0.000000e+00 1.063371e+00 | 1.000000e+00 0.000000e+00 1.000000e+00 | ( -3.894021e+01 )
1) 3.419964e-01 2.378578e+00 / 2.656190e+00 6.158305e-01 7.221875e-01 | 1.285920e-10 0.000000e+00 1.285920e-10 | 1.063722e+00 0.000000e+00 1.063722e+00 | 1.000000e+00 0.000000e+00 1.000000e+00 | ( -3.892188e+01 )
1) 3.420086e-01 2.378678e+00 / 2.656154e+00 6.158868e-01 7.222459e-01 | 1.286906e-10 0.000000e+00 1.286906e-10 | 1.064073e+00 0.000000e+00 1.064073e+00 | 1.000000e+00 0.000000e+00 1.000000e+00 | ( -3.890353e+01 )
1) 3.420207e-01 2.378778e+00 / 2.656117e+00 6.159431e-01 7.223042e-01 | 1.287885e-10 0.000000e+00 1.287885e-10 | 1.064425e+00 0.000000e+00 1.064425e+00 | 1.000000e+00 0.000000e+00 1.000000e+00 | ( -3.888517e+01 )
3) 3.421427e-01 2.379778e+00 / 2.655749e+00 6.165082e-01 7.228896e-01 | 1.297842e-10 0.000000e+00 1.297842e-10 | 1.067953e+00 0.000000e+00 1.067953e+00 | 1.000000e+00 0.000000e+00 1.000000e+00 | ( -3.870058e+01 )
2) 3.421427e-01 2.379778e+00 / 2.655745e+00 6.165080e-01 7.228899e-01 | 1.295704e-10 0.000000e+00 1.295704e-10 | 1.067955e+00 0.000000e+00 1.067955e+00 | 1.000000e+00 0.000000e+00 1.000000e+00 | ( 4.734011e+00 )
3) 3.421527e-01 2.379860e+00 / 2.655715e+00 6.165544e-01 7.229378e-01 | 1.296518e-10 0.000000e+00 1.296518e-10 | 1.068245e+00 0.000000e+00 1.068245e+00 | 1.000000e+00 0.000000e+00 1.000000e+00 | ( 4.734200e+00 )
3) 3.421627e-01 2.379942e+00 / 2.655684e+00 6.166007e-01 7.229858e-01 | 1.297336e-10 0.000000e+00 1.297336e-10 | 1.068534e+00 0.000000e+00 1.068534e+00 | 1.000000e+00 0.000000e+00 1.000000e+00 | ( 4.734389e+00 )
3) 3.421727e-01 2.380023e+00 / 2.655654e+00 6.166471e-01 7.230338e-01 | 1.298150e-10 0.000000e+00 1.298150e-10 | 1.068824e+00 0.000000e+00 1.068824e+00 | 1.000000e+00 0.000000e+00 1.000000e+00 | ( 4.734577e+00 )
3) 3.421827e-01 2.380105e+00 / 2.655624e+00 6.166935e-01 7.230817e-01 | 1.298970e-10 0.000000e+00 1.298970e-10 | 1.069113e+00 0.000000e+00 1.069113e+00 | 1.000000e+00 0.000000e+00 1.000000e+00 | ( 4.734764e+00 )
1) 3.421927e-01 2.380186e+00 / 2.655593e+00 6.167398e-01 7.231297e-01 | 1.299789e-10 0.000000e+00 1.299789e-10 | 1.069403e+00 0.000000e+00 1.069403e+00 | 1.000000e+00 0.000000e+00 1.000000e+00 | ( 4.734952e+00 )
1) 3.422027e-01 2.380268e+00 / 2.655563e+00 6.167862e-01 7.231777e-01 | 1.300609e-10 0.000000e+00 1.300609e-10 | 1.069692e+00 0.000000e+00 1.069692e+00 | 1.000000e+00 0.000000e+00 1.000000e+00 | ( 4.735138e+00 )
1) 3.422127e-01 2.380349e+00 / 2.655533e+00 6.168326e-01 7.232256e-01 | 1.301432e-10 0.000000e+00 1.301432e-10 | 1.069982e+00 0.000000e+00 1.069982e+00 | 1.000000e+00 0.000000e+00 1.000000e+00 | ( 4.735325e+00 )
1) 3.422227e-01 2.380431e+00 / 2.655503e+00 6.168790e-01 7.232736e-01 | 1.302247e-10 0.000000e+00 1.302247e-10 | 1.070271e+00 0.000000e+00 1.070271e+00 | 1.000000e+00 0.000000e+00 1.000000e+00 | ( 4.735511e+00 )
1) 3.422327e-01 2.380512e+00 / 2.655472e+00 6.169254e-01 7.233216e-01 | 1.303071e-10 0.000000e+00 1.303071e-10 | 1.070561e+00 0.000000e+00 1.070561e+00 | 1.000000e+00 0.000000e+00 1.000000e+00 | ( 4.735696e+00 )
1) 3.422427e-01 2.380594e+00 / 2.655442e+00 6.169718e-01 7.233695e-01 | 1.303897e-10 0.000000e+00 1.303897e-10 | 1.070850e+00 0.000000e+00 1.070850e+00 | 1.000000e+00 0.000000e+00 1.000000e+00 | ( 4.735882e+00 )
3) 3.423427e-01 2.381406e+00 / 2.655138e+00 6.174359e-01 7.238491e-01 | 1.312128e-10 0.000000e+00 1.312128e-10 | 1.073748e+00 0.000000e+00 1.073748e+00 | 1.000000e+00 0.000000e+00 1.000000e+00 | ( 4.737709e+00 )
3) 3.424427e-01 2.382215e+00 / 2.654833e+00 6.179006e-01 7.243286e-01 | 1.320415e-10 0.000000e+00 1.320415e-10 | 1.076648e+00 0.000000e+00 1.076648e+00 | 1.000000e+00 0.000000e+00 1.000000e+00 | ( 4.739494e+00 )
3) 3.425427e-01 2.383020e+00 / 2.654526e+00 6.183656e-01 7.248080e-01 | 1.328742e-10 0.000000e+00 1.328742e-10 | 1.079551e+00 0.000000e+00 1.079551e+00 | 1.000000e+00 0.000000e+00 1.000000e+00 | ( 4.741235e+00 )
3) 3.426427e-01 2.383822e+00 / 2.654219e+00 6.188312e-01 7.252873e-01 | 1.337110e-10 0.000000e+00 1.337110e-10 | 1.082457e+00 0.000000e+00 1.082457e+00 | 1.000000e+00 0.000000e+00 1.000000e+00 | ( 4.742934e+00 )
1) 3.427427e-01 2.384620e+00 / 2.653911e+00 6.192972e-01 7.257664e-01 | 1.345533e-10 0.000000e+00 1.345533e-10 | 1.085365e+00 0.000000e+00 1.085365e+00 | 1.000000e+00 0.000000e+00 1.000000e+00 | ( 4.744589e+00 )
1) 3.428427e-01 2.385414e+00 / 2.653601e+00 6.197636e-01 7.262455e-01 | 1.353997e-10 0.000000e+00 1.353997e-10 | 1.088276e+00 0.000000e+00 1.088276e+00 | 1.000000e+00 0.000000e+00 1.000000e+00 | ( 4.746201e+00 )
1) 3.429427e-01 2.386205e+00 / 2.653290e+00 6.202305e-01 7.267245e-01 | 1.362497e-10 0.000000e+00 1.362497e-10 | 1.091189e+00 0.000000e+00 1.091189e+00 | 1.000000e+00 0.000000e+00 1.000000e+00 | ( 4.747770e+00 )
1) 3.430427e-01 2.386993e+00 / 2.652978e+00 6.206979e-01 7.272034e-01 | 1.371041e-10 0.000000e+00 1.371041e-10 | 1.094106e+00 0.000000e+00 1.094106e+00 | 1.000000e+00 0.000000e+00 1.000000e+00 | ( 4.749296e+00 )
1) 3.431427e-01 2.387777e+00 / 2.652665e+00 6.211657e-01 7.276822e-01 | 1.379634e-10 0.000000e+00 1.379634e-10 | 1.097024e+00 0.000000e+00 1.097024e+00 | 1.000000e+00 0.000000e+00 1.000000e+00 | ( 4.750779e+00 )
1) 3.432427e-01 2.388557e+00 / 2.652351e+00 6.216340e-01 7.281609e-01 | 1.388269e-10 0.000000e+00 1.388269e-10 | 1.099946e+00 0.000000e+00 1.099946e+00 | 1.000000e+00 0.000000e+00 1.000000e+00 | ( 4.752218e+00 )
1) 3.433427e-01 2.389334e+00 / 2.652036e+00 6.221028e-01 7.286396e-01 | 1.396951e-10 0.000000e+00 1.396951e-10 | 1.102869e+00 0.000000e+00 1.102869e+00 | 1.000000e+00 0.000000e+00 1.000000e+00 | ( 4.753615e+00 )
1) 3.434427e-01 2.390108e+00 / 2.651719e+00 6.225719e-01 7.291181e-01 | 1.405684e-10 0.000000e+00 1.405684e-10 | 1.105796e+00 0.000000e+00 1.105796e+00 | 1.000000e+00 0.000000e+00 1.000000e+00 | ( 4.754968e+00 )
1) 3.435427e-01 2.390877e+00 / 2.651402e+00 6.230416e-01 7.295966e-01 | 1.414457e-10 0.000000e+00 1.414457e-10 | 1.108725e+00 0.000000e+00 1.108725e+00 | 1.000000e+00 0.000000e+00 1.000000e+00 | ( 4.756277e+00 )
1) 3.436427e-01 2.391644e+00 / 2.651083e+00 6.235117e-01 7.300750e-01 | 1.423279e-10 0.000000e+00 1.423279e-10 | 1.111657e+00 0.000000e+00 1.111657e+00 | 1.000000e+00 0.000000e+00 1.000000e+00 | ( 4.757544e+00 )
1) 3.437427e-01 2.392407e+00 / 2.650763e+00 6.239823e-01 7.305533e-01 | 1.432148e-10 0.000000e+00 1.432148e-10 | 1.114591e+00 0.000000e+00 1.114591e+00 | 1.000000e+00 0.000000e+00 1.000000e+00 | ( 4.758767e+00 )
1) 3.438427e-01 2.393166e+00 / 2.650442e+00 6.244533e-01 7.310315e-01 | 1.441056e-10 0.000000e+00 1.441056e-10 | 1.117528e+00 0.000000e+00 1.117528e+00 | 1.000000e+00 0.000000e+00 1.000000e+00 | ( 4.759947e+00 )
1) 3.439427e-01 2.393922e+00 / 2.650120e+00 6.249247e-01 7.315096e-01 | 1.450013e-10 0.000000e+00 1.450013e-10 | 1.120467e+00 0.000000e+00 1.120467e+00 | 1.000000e+00 0.000000e+00 1.000000e+00 | ( 4.761083e+00 )
1) 3.440427e-01 2.394674e+00 / 2.649796e+00 6.253967e-01 7.319877e-01 | 1.459013e-10 0.000000e+00 1.459013e-10 | 1.123409e+00 0.000000e+00 1.123409e+00 | 1.000000e+00 0.000000e+00 1.000000e+00 | ( 4.762177e+00 )
1) 3.441427e-01 2.395423e+00 / 2.649472e+00 6.258691e-01 7.324657e-01 | 1.468061e-10 0.000000e+00 1.468061e-10 | 1.126354e+00 0.000000e+00 1.126354e+00 | 1.000000e+00 0.000000e+00 1.000000e+00 | ( 4.763226e+00 )
1) 3.442427e-01 2.396168e+00 / 2.649146e+00 6.263419e-01 7.329436e-01 | 1.477154e-10 0.000000e+00 1.477154e-10 | 1.129301e+00 0.000000e+00 1.129301e+00 | 1.000000e+00 0.000000e+00 1.000000e+00 | ( 4.764233e+00 )
1) 3.443427e-01 2.396910e+00 / 2.648820e+00 6.268152e-01 7.334214e-01 | 1.486296e-10 0.000000e+00 1.486296e-10 | 1.132250e+00 0.000000e+00 1.132250e+00 | 1.000000e+00 0.000000e+00 1.000000e+00 | ( 4.765196e+00 )
1) 3.444427e-01 2.397648e+00 / 2.648492e+00 6.272889e-01 7.338992e-01 | 1.495493e-10 0.000000e+00 1.495493e-10 | 1.135202e+00 0.000000e+00 1.135202e+00 | 1.000000e+00 0.000000e+00 1.000000e+00 | ( 4.766115e+00 )
1) 3.445427e-01 2.398382e+00 / 2.648163e+00 6.277631e-01 7.343769e-01 | 1.504736e-10 0.000000e+00 1.504736e-10 | 1.138157e+00 0.000000e+00 1.138157e+00 | 1.000000e+00 0.000000e+00 1.000000e+00 | ( 4.766992e+00 )
1) 3.446427e-01 2.399113e+00 / 2.647832e+00 6.282378e-01 7.348545e-01 | 1.514029e-10 0.000000e+00 1.514029e-10 | 1.141114e+00 0.000000e+00 1.141114e+00 | 9.999998e-01 0.000000e+00 9.999998e-01 | ( 4.767824e+00 )
1) 3.447427e-01 2.399841e+00 / 2.647501e+00 6.287129e-01 7.353321e-01 | 1.523379e-10 0.000000e+00 1.523379e-10 | 1.144073e+00 0.000000e+00 1.144073e+00 | 1.000000e+00 0.000000e+00 1.000000e+00 | ( 4.768614e+00 )
1) 3.448427e-01 2.400565e+00 / 2.647169e+00 6.291885e-01 7.358096e-01 | 1.532778e-10 0.000000e+00 1.532778e-10 | 1.147035e+00 0.000000e+00 1.147035e+00 | 9.999999e-01 0.000000e+00 9.999999e-01 | ( 4.769359e+00 )
1) 3.449427e-01 2.401286e+00 / 2.646835e+00 6.296645e-01 7.362871e-01 | 1.542231e-10 0.000000e+00 1.542231e-10 | 1.150000e+00 0.000000e+00 1.150000e+00 | 1.000000e+00 0.000000e+00 1.000000e+00 | ( 4.770062e+00 )
1) 3.450427e-01 2.402003e+00 / 2.646500e+00 6.301410e-01 7.367645e-01 | 1.551723e-10 0.000000e+00 1.551723e-10 | 1.152967e+00 0.000000e+00 1.152967e+00 | 1.000000e+00 0.000000e+00 1.000000e+00 | ( 4.770721e+00 )
1) 3.451427e-01 2.402716e+00 / 2.646164e+00 6.306179e-01 7.372418e-01 | 1.561278e-10 0.000000e+00 1.561278e-10 | 1.155936e+00 0.000000e+00 1.155936e+00 | 1.000000e+00 0.000000e+00 1.000000e+00 | ( 4.771336e+00 )
1) 3.452427e-01 2.403426e+00 / 2.645827e+00 6.310953e-01 7.377191e-01 | 1.570881e-10 0.000000e+00 1.570881e-10 | 1.158908e+00 0.000000e+00 1.158908e+00 | 1.000000e+00 0.000000e+00 1.000000e+00 | ( 4.771908e+00 )
1) 3.453427e-01 2.404133e+00 / 2.645488e+00 6.315732e-01 7.381963e-01 | 1.580520e-10 0.000000e+00 1.580520e-10 | 1.161883e+00 0.000000e+00 1.161883e+00 | 1.000000e+00 0.000000e+00 1.000000e+00 | ( 4.772436e+00 )
1) 3.454427e-01 2.404836e+00 / 2.645149e+00 6.320515e-01 7.386734e-01 | 1.590219e-10 0.000000e+00 1.590219e-10 | 1.164860e+00 0.000000e+00 1.164860e+00 | 1.000000e+00 0.000000e+00 1.000000e+00 | ( 4.772921e+00 )
1) 3.455427e-01 2.405535e+00 / 2.644808e+00 6.325302e-01 7.391506e-01 | 1.599967e-10 0.000000e+00 1.599967e-10 | 1.167839e+00 0.000000e+00 1.167839e+00 | 1.000000e+00 0.000000e+00 1.000000e+00 | ( 4.773362e+00 )
1) 3.456427e-01 2.406231e+00 / 2.644466e+00 6.330094e-01 7.396276e-01 | 1.609770e-10 0.000000e+00 1.609770e-10 | 1.170821e+00 0.000000e+00 1.170821e+00 | 1.000000e+00 0.000000e+00 1.000000e+00 | ( 4.773759e+00 )
1) 3.457427e-01 2.406923e+00 / 2.644123e+00 6.334891e-01 7.401046e-01 | 1.619620e-10 0.000000e+00 1.619620e-10 | 1.173805e+00 0.000000e+00 1.173805e+00 | 1.000000e+00 0.000000e+00 1.000000e+00 | ( 4.774113e+00 )
1) 3.458427e-01 2.407612e+00 / 2.643779e+00 6.339692e-01 7.405816e-01 | 1.629525e-10 0.000000e+00 1.629525e-10 | 1.176792e+00 0.000000e+00 1.176792e+00 | 1.000000e+00 0.000000e+00 1.000000e+00 | ( 4.774423e+00 )
1) 3.459427e-01 2.408298e+00 / 2.643433e+00 6.344498e-01 7.410585e-01 | 1.639486e-10 0.000000e+00 1.639486e-10 | 1.179781e+00 0.000000e+00 1.179781e+00 | 1.000000e+00 0.000000e+00 1.000000e+00 | ( 4.774690e+00 )
1) 3.460427e-01 2.408979e+00 / 2.643086e+00 6.349309e-01 7.415354e-01 | 1.649496e-10 0.000000e+00 1.649496e-10 | 1.182772e+00 0.000000e+00 1.182772e+00 | 1.000000e+00 0.000000e+00 1.000000e+00 | ( 4.774913e+00 )
1) 3.461427e-01 2.409658e+00 / 2.642739e+00 6.354124e-01 7.420122e-01 | 1.659557e-10 0.000000e+00 1.659557e-10 | 1.185766e+00 0.000000e+00 1.185766e+00 | 1.000000e+00 0.000000e+00 1.000000e+00 | ( 4.775092e+00 )
1) 3.462427e-01 2.410333e+00 / 2.642390e+00 6.358943e-01 7.424890e-01 | 1.669678e-10 0.000000e+00 1.669678e-10 | 1.188763e+00 0.000000e+00 1.188763e+00 | 1.000000e+00 0.000000e+00 1.000000e+00 | ( 4.775228e+00 )
1) 3.463427e-01 2.411004e+00 / 2.642039e+00 6.363767e-01 7.429658e-01 | 1.679847e-10 0.000000e+00 1.679847e-10 | 1.191761e+00 0.000000e+00 1.191761e+00 | 1.000000e+00 0.000000e+00 1.000000e+00 | ( 4.775320e+00 )
1) 3.464427e-01 2.411672e+00 / 2.641688e+00 6.368596e-01 7.434425e-01 | 1.690068e-10 0.000000e+00 1.690068e-10 | 1.194762e+00 0.000000e+00 1.194762e+00 | 1.000000e+00 0.000000e+00 1.000000e+00 | ( 4.775368e+00 )
1) 3.465427e-01 2.412336e+00 / 2.641335e+00 6.373429e-01 7.439192e-01 | 1.700349e-10 0.000000e+00 1.700349e-10 | 1.197766e+00 0.000000e+00 1.197766e+00 | 1.000000e+00 0.000000e+00 1.000000e+00 | ( 4.775373e+00 )
1) 3.466427e-01 2.412997e+00 / 2.640981e+00 6.378267e-01 7.443958e-01 | 1.710683e-10 0.000000e+00 1.710683e-10 | 1.200772e+00 0.000000e+00 1.200772e+00 | 1.000000e+00 0.000000e+00 1.000000e+00 | ( 4.775334e+00 )
1) 3.467427e-01 2.413654e+00 / 2.640626e+00 6.383109e-01 7.448725e-01 | 1.720490e-10 0.000000e+00 1.720490e-10 | 1.203780e+00 0.000000e+00 1.203780e+00 | 1.000000e+00 0.000000e+00 1.000000e+00 | ( 4.775251e+00 )
1) 3.468427e-01 2.414308e+00 / 2.640270e+00 6.387956e-01 7.453491e-01 | 1.730889e-10 0.000000e+00 1.730889e-10 | 1.206791e+00 0.000000e+00 1.206791e+00 | 9.999996e-01 0.000000e+00 9.999996e-01 | ( 4.775124e+00 )
1) 3.469427e-01 2.414958e+00 / 2.639913e+00 6.392807e-01 7.458256e-01 | 1.741338e-10 0.000000e+00 1.741338e-10 | 1.209803e+00 0.000000e+00 1.209803e+00 | 1.000001e+00 0.000000e+00 1.000001e+00 | ( 4.774954e+00 )
1) 3.470427e-01 2.415605e+00 / 2.639554e+00 6.397663e-01 7.463022e-01 | 1.751845e-10 0.000000e+00 1.751845e-10 | 1.212819e+00 0.000000e+00 1.212819e+00 | 9.999997e-01 0.000000e+00 9.999997e-01 | ( 4.774740e+00 )
1) 3.471427e-01 2.416248e+00 / 2.639194e+00 6.402524e-01 7.467787e-01 | 1.762401e-10 0.000000e+00 1.762401e-10 | 1.215837e+00 0.000000e+00 1.215837e+00 | 1.000000e+00 0.000000e+00 1.000000e+00 | ( 4.774482e+00 )
1) 3.472427e-01 2.416888e+00 / 2.638833e+00 6.407389e-01 7.472552e-01 | 1.773017e-10 0.000000e+00 1.773017e-10 | 1.218857e+00 0.000000e+00 1.218857e+00 | 1.000000e+00 0.000000e+00 1.000000e+00 | ( 4.774180e+00 )
1) 3.473427e-01 2.417524e+00 / 2.638471e+00 6.412259e-01 7.477317e-01 | 1.783680e-10 0.000000e+00 1.783680e-10 | 1.221879e+00 0.000000e+00 1.221879e+00 | 1.000000e+00 0.000000e+00 1.000000e+00 | ( 4.773835e+00 )
1) 3.474427e-01 2.418157e+00 / 2.638107e+00 6.417133e-01 7.482082e-01 | 1.794405e-10 0.000000e+00 1.794405e-10 | 1.224904e+00 0.000000e+00 1.224904e+00 | 1.000000e+00 0.000000e+00 1.000000e+00 | ( 4.773446e+00 )
1) 3.475427e-01 2.418786e+00 / 2.637743e+00 6.422012e-01 7.486846e-01 | 1.805183e-10 0.000000e+00 1.805183e-10 | 1.227931e+00 0.000000e+00 1.227931e+00 | 1.000000e+00 0.000000e+00 1.000000e+00 | ( 4.773013e+00 )
1) 3.476427e-01 2.419411e+00 / 2.637377e+00 6.426896e-01 7.491610e-01 | 1.816021e-10 0.000000e+00 1.816021e-10 | 1.230961e+00 0.000000e+00 1.230961e+00 | 1.000000e+00 0.000000e+00 1.000000e+00 | ( 4.772536e+00 )
1) 3.477427e-01 2.420034e+00 / 2.637010e+00 6.431784e-01 7.496375e-01 | 1.826905e-10 0.000000e+00 1.826905e-10 | 1.233992e+00 0.000000e+00 1.233992e+00 | 1.000000e+00 0.000000e+00 1.000000e+00 | ( 4.772015e+00 )
1) 3.478427e-01 2.420652e+00 / 2.636641e+00 6.436677e-01 7.501139e-01 | 1.837848e-10 0.000000e+00 1.837848e-10 | 1.237027e+00 0.000000e+00 1.237027e+00 | 9.999997e-01 0.000000e+00 9.999997e-01 | ( 4.771450e+00 )
1) 3.479427e-01 2.421267e+00 / 2.636271e+00 6.441574e-01 7.505903e-01 | 1.848848e-10 0.000000e+00 1.848848e-10 | 1.240063e+00 0.000000e+00 1.240063e+00 | 9.999999e-01 0.000000e+00 9.999999e-01 | ( 4.770842e+00 )
2) 3.480427e-01 2.421879e+00 / 2.635901e+00 6.446476e-01 7.510667e-01 | 1.859926e-10 0.000000e+00 1.859926e-10 | 1.243102e+00 0.000000e+00 1.243102e+00 | 1.000000e+00 0.000000e+00 1.000000e+00 | ( 4.770190e+00 )
2) 3.481427e-01 2.422487e+00 / 2.635529e+00 6.451382e-01 7.515431e-01 | 1.871068e-10 0.000000e+00 1.871068e-10 | 1.246143e+00 0.000000e+00 1.246143e+00 | 1.000000e+00 0.000000e+00 1.000000e+00 | ( 4.769495e+00 )
2) 3.482427e-01 2.423092e+00 / 2.635155e+00 6.456293e-01 7.520195e-01 | 1.882261e-10 0.000000e+00 1.882261e-10 | 1.249186e+00 0.000000e+00 1.249186e+00 | 1.000000e+00 0.000000e+00 1.000000e+00 | ( 4.768755e+00 )
1) 3.483427e-01 2.423693e+00 / 2.634781e+00 6.461209e-01 7.524959e-01 | 1.893514e-10 0.000000e+00 1.893514e-10 | 1.252232e+00 0.000000e+00 1.252232e+00 | 1.000000e+00 0.000000e+00 1.000000e+00 | ( 4.767971e+00 )
2) 3.484427e-01 2.424291e+00 / 2.634405e+00 6.466130e-01 7.529722e-01 | 1.904827e-10 0.000000e+00 1.904827e-10 | 1.255280e+00 0.000000e+00 1.255280e+00 | 1.000000e+00 0.000000e+00 1.000000e+00 | ( 4.767144e+00 )
1) 3.485427e-01 2.424885e+00 / 2.634028e+00 6.471054e-01 7.534486e-01 | 1.916196e-10 0.000000e+00 1.916196e-10 | 1.258330e+00 0.000000e+00 1.258330e+00 | 9.999998e-01 0.000000e+00 9.999998e-01 | ( 4.766272e+00 )
1) 3.486427e-01 2.425476e+00 / 2.633649e+00 6.475984e-01 7.539250e-01 | 1.927623e-10 0.000000e+00 1.927623e-10 | 1.261382e+00 0.000000e+00 1.261382e+00 | 1.000000e+00 0.000000e+00 1.000000e+00 | ( 4.765357e+00 )
1) 3.487427e-01 2.426063e+00 / 2.633270e+00 6.480918e-01 7.544015e-01 | 1.939107e-10 0.000000e+00 1.939107e-10 | 1.264437e+00 0.000000e+00 1.264437e+00 | 1.000000e+00 0.000000e+00 1.000000e+00 | ( 4.764398e+00 )
2) 3.488427e-01 2.426646e+00 / 2.632890e+00 6.485857e-01 7.548779e-01 | 1.950771e-10 0.000000e+00 1.950771e-10 | 1.267493e+00 0.000000e+00 1.267493e+00 | 1.000000e+00 0.000000e+00 1.000000e+00 | ( 4.763414e+00 )
2) 3.489427e-01 2.427226e+00 / 2.632507e+00 6.490800e-01 7.553543e-01 | 1.962357e-10 0.000000e+00 1.962357e-10 | 1.270553e+00 0.000000e+00 1.270553e+00 | 1.000000e+00 0.000000e+00 1.000000e+00 | ( 4.762365e+00 )
2) 3.490427e-01 2.427803e+00 / 2.632124e+00 6.495748e-01 7.558307e-01 | 1.974019e-10 0.000000e+00 1.974019e-10 | 1.273614e+00 0.000000e+00 1.273614e+00 | 1.000000e+00 0.000000e+00 1.000000e+00 | ( 4.761272e+00 )
2) 3.491427e-01 2.428376e+00 / 2.631739e+00 6.500701e-01 7.563072e-01 | 1.985738e-10 0.000000e+00 1.985738e-10 | 1.276678e+00 0.000000e+00 1.276678e+00 | 1.000000e+00 0.000000e+00 1.000000e+00 | ( 4.760136e+00 )
2) 3.492427e-01 2.428946e+00 / 2.631353e+00 6.505658e-01 7.567837e-01 | 1.997515e-10 0.000000e+00 1.997515e-10 | 1.279744e+00 0.000000e+00 1.279744e+00 | 1.000000e+00 0.000000e+00 1.000000e+00 | ( 4.758955e+00 )
1) 3.493427e-01 2.429512e+00 / 2.630966e+00 6.510620e-01 7.572602e-01 | 2.009355e-10 0.000000e+00 2.009355e-10 | 1.282813e+00 0.000000e+00 1.282813e+00 | 1.000000e+00 0.000000e+00 1.000000e+00 | ( 4.757731e+00 )
1) 3.494427e-01 2.430075e+00 / 2.630578e+00 6.515587e-01 7.577367e-01 | 2.021256e-10 0.000000e+00 2.021256e-10 | 1.285884e+00 0.000000e+00 1.285884e+00 | 1.000000e+00 0.000000e+00 1.000000e+00 | ( 4.756462e+00 )
1) 3.495427e-01 2.430634e+00 / 2.630188e+00 6.520558e-01 7.582133e-01 | 2.033205e-10 0.000000e+00 2.033205e-10 | 1.288956e+00 0.000000e+00 1.288956e+00 | 1.000000e+00 0.000000e+00 1.000000e+00 | ( 4.755150e+00 )
1) 3.496427e-01 2.431190e+00 / 2.629797e+00 6.525534e-01 7.586898e-01 | 2.045806e-10 0.000000e+00 2.045806e-10 | 1.292032e+00 0.000000e+00 1.292032e+00 | 9.999998e-01 0.000000e+00 9.999998e-01 | ( 4.753794e+00 )
1) 3.497427e-01 2.431742e+00 / 2.629405e+00 6.530515e-01 7.591664e-01 | 2.057849e-10 0.000000e+00 2.057849e-10 | 1.295109e+00 0.000000e+00 1.295109e+00 | 1.000000e+00 0.000000e+00 1.000000e+00 | ( 4.752394e+00 )
1) 3.498427e-01 2.432291e+00 / 2.629011e+00 6.535500e-01 7.596431e-01 | 2.069955e-10 0.000000e+00 2.069955e-10 | 1.298189e+00 0.000000e+00 1.298189e+00 | 9.999996e-01 0.000000e+00 9.999996e-01 | ( 4.750950e+00 )
1) 3.499427e-01 2.432837e+00 / 2.628616e+00 6.540490e-01 7.601197e-01 | 2.082126e-10 0.000000e+00 2.082126e-10 | 1.301270e+00 0.000000e+00 1.301270e+00 | 1.000000e+00 0.000000e+00 1.000000e+00 | ( 4.749462e+00 )
1) 3.500427e-01 2.433378e+00 / 2.628220e+00 6.545484e-01 7.605964e-01 | 2.094358e-10 0.000000e+00 2.094358e-10 | 1.304355e+00 0.000000e+00 1.304355e+00 | 9.999999e-01 0.000000e+00 9.999999e-01 | ( 4.747930e+00 )
1) 3.501427e-01 2.433917e+00 / 2.627823e+00 6.550484e-01 7.610732e-01 | 2.106650e-10 0.000000e+00 2.106650e-10 | 1.307441e+00 0.000000e+00 1.307441e+00 | 1.000000e+00 0.000000e+00 1.000000e+00 | ( 4.746354e+00 )
1) 3.502427e-01 2.434451e+00 / 2.627424e+00 6.555488e-01 7.615500e-01 | 2.119005e-10 0.000000e+00 2.119005e-10 | 1.310530e+00 0.000000e+00 1.310530e+00 | 1.000000e+00 0.000000e+00 1.000000e+00 | ( 4.744734e+00 )
1) 3.503427e-01 2.434983e+00 / 2.627024e+00 6.560496e-01 7.620268e-01 | 2.131417e-10 0.000000e+00 2.131417e-10 | 1.313621e+00 0.000000e+00 1.313621e+00 | 1.000000e+00 0.000000e+00 1.000000e+00 | ( 4.743070e+00 )
1) 3.504427e-01 2.435511e+00 / 2.626622e+00 6.565510e-01 7.625036e-01 | 2.143903e-10 0.000000e+00 2.143903e-10 | 1.316714e+00 0.000000e+00 1.316714e+00 | 1.000000e+00 0.000000e+00 1.000000e+00 | ( 4.741362e+00 )
1) 3.505427e-01 2.436035e+00 / 2.626220e+00 6.570528e-01 7.629806e-01 | 2.156446e-10 0.000000e+00 2.156446e-10 | 1.319809e+00 0.000000e+00 1.319809e+00 | 1.000000e+00 0.000000e+00 1.000000e+00 | ( 4.739611e+00 )
1) 3.506427e-01 2.436556e+00 / 2.625816e+00 6.575551e-01 7.634575e-01 | 2.169049e-10 0.000000e+00 2.169049e-10 | 1.322906e+00 0.000000e+00 1.322906e+00 | 1.000000e+00 0.000000e+00 1.000000e+00 | ( 4.737815e+00 )
1) 3.507427e-01 2.437073e+00 / 2.625411e+00 6.580578e-01 7.639345e-01 | 2.181724e-10 0.000000e+00 2.181724e-10 | 1.326006e+00 0.000000e+00 1.326006e+00 | 1.000000e+00 0.000000e+00 1.000000e+00 | ( 4.735975e+00 )
1) 3.508427e-01 2.437587e+00 / 2.625004e+00 6.585610e-01 7.644116e-01 | 2.194454e-10 0.000000e+00 2.194454e-10 | 1.329108e+00 0.000000e+00 1.329108e+00 | 1.000000e+00 0.000000e+00 1.000000e+00 | ( 4.734091e+00 )
1) 3.509427e-01 2.438098e+00 / 2.624596e+00 6.590647e-01 7.648887e-01 | 2.207259e-10 0.000000e+00 2.207259e-10 | 1.332212e+00 0.000000e+00 1.332212e+00 | 1.000000e+00 0.000000e+00 1.000000e+00 | ( 4.732163e+00 )
1) 3.510427e-01 2.438605e+00 / 2.624187e+00 6.595689e-01 7.653659e-01 | 2.220082e-10 0.000000e+00 2.220082e-10 | 1.335318e+00 0.000000e+00 1.335318e+00 | 1.000000e+00 0.000000e+00 1.000000e+00 | ( 4.730191e+00 )
1) 3.511427e-01 2.439108e+00 / 2.623776e+00 6.600735e-01 7.658431e-01 | 2.232978e-10 0.000000e+00 2.232978e-10 | 1.338427e+00 0.000000e+00 1.338427e+00 | 1.000000e+00 0.000000e+00 1.000000e+00 | ( 4.728175e+00 )
1) 3.512427e-01 2.439609e+00 / 2.623364e+00 6.605786e-01 7.663204e-01 | 2.245939e-10 0.000000e+00 2.245939e-10 | 1.341538e+00 0.000000e+00 1.341538e+00 | 9.999999e-01 0.000000e+00 9.999999e-01 | ( 4.726115e+00 )
1) 3.513427e-01 2.440105e+00 / 2.622951e+00 6.610842e-01 7.667978e-01 | 2.258971e-10 0.000000e+00 2.258971e-10 | 1.344650e+00 0.000000e+00 1.344650e+00 | 1.000000e+00 0.000000e+00 1.000000e+00 | ( 4.724012e+00 )
1) 3.514427e-01 2.440598e+00 / 2.622536e+00 6.615903e-01 7.672752e-01 | 2.272060e-10 0.000000e+00 2.272060e-10 | 1.347765e+00 0.000000e+00 1.347765e+00 | 1.000000e+00 0.000000e+00 1.000000e+00 | ( 4.721863e+00 )
1) 3.515427e-01 2.441088e+00 / 2.622121e+00 6.620968e-01 7.677527e-01 | 2.285221e-10 0.000000e+00 2.285221e-10 | 1.350883e+00 0.000000e+00 1.350883e+00 | 1.000000e+00 0.000000e+00 1.000000e+00 | ( 4.719671e+00 )
1) 3.516427e-01 2.441574e+00 / 2.621703e+00 6.626039e-01 7.682302e-01 | 2.298455e-10 0.000000e+00 2.298455e-10 | 1.354002e+00 0.000000e+00 1.354002e+00 | 1.000000e+00 0.000000e+00 1.000000e+00 | ( 4.717435e+00 )
1) 3.517427e-01 2.442057e+00 / 2.621285e+00 6.631113e-01 7.687079e-01 | 2.311751e-10 0.000000e+00 2.311751e-10 | 1.357124e+00 0.000000e+00 1.357124e+00 | 1.000000e+00 0.000000e+00 1.000000e+00 | ( 4.715155e+00 )
1) 3.518427e-01 2.442536e+00 / 2.620865e+00 6.636193e-01 7.691856e-01 | 2.325120e-10 0.000000e+00 2.325120e-10 | 1.360247e+00 0.000000e+00 1.360247e+00 | 1.000000e+00 0.000000e+00 1.000000e+00 | ( 4.712831e+00 )
1) 3.519427e-01 2.443012e+00 / 2.620443e+00 6.641278e-01 7.696634e-01 | 2.338554e-10 0.000000e+00 2.338554e-10 | 1.363373e+00 0.000000e+00 1.363373e+00 | 1.000000e+00 0.000000e+00 1.000000e+00 | ( 4.710462e+00 )
1) 3.520427e-01 2.443484e+00 / 2.620021e+00 6.646367e-01 7.701413e-01 | 2.352059e-10 0.000000e+00 2.352059e-10 | 1.366501e+00 0.000000e+00 1.366501e+00 | 1.000000e+00 0.000000e+00 1.000000e+00 | ( 4.708050e+00 )
1) 3.521427e-01 2.443953e+00 / 2.619597e+00 6.651461e-01 7.706192e-01 | 2.365632e-10 0.000000e+00 2.365632e-10 | 1.369632e+00 0.000000e+00 1.369632e+00 | 1.000000e+00 0.000000e+00 1.000000e+00 | ( 4.705593e+00 )
1) 3.522427e-01 2.444418e+00 / 2.619171e+00 6.656560e-01 7.710973e-01 | 2.379279e-10 0.000000e+00 2.379279e-10 | 1.372764e+00 0.000000e+00 1.372764e+00 | 1.000000e+00 0.000000e+00 1.000000e+00 | ( 4.703092e+00 )
1) 3.523427e-01 2.444880e+00 / 2.618744e+00 6.661664e-01 7.715754e-01 | 2.392988e-10 0.000000e+00 2.392988e-10 | 1.375899e+00 0.000000e+00 1.375899e+00 | 1.000000e+00 0.000000e+00 1.000000e+00 | ( 4.700547e+00 )
1) 3.524427e-01 2.445338e+00 / 2.618316e+00 6.666772e-01 7.720536e-01 | 2.406775e-10 0.000000e+00 2.406775e-10 | 1.379036e+00 0.000000e+00 1.379036e+00 | 1.000000e+00 0.000000e+00 1.000000e+00 | ( 4.697958e+00 )
1) 3.525427e-01 2.445793e+00 / 2.617887e+00 6.671886e-01 7.725319e-01 | 2.420630e-10 0.000000e+00 2.420630e-10 | 1.382175e+00 0.000000e+00 1.382175e+00 | 1.000000e+00 0.000000e+00 1.000000e+00 | ( 4.695325e+00 )
1) 3.526427e-01 2.446245e+00 / 2.617456e+00 6.677004e-01 7.730104e-01 | 2.434559e-10 0.000000e+00 2.434559e-10 | 1.385316e+00 0.000000e+00 1.385316e+00 | 1.000000e+00 0.000000e+00 1.000000e+00 | ( 4.692647e+00 )
1) 3.527427e-01 2.446693e+00 / 2.617023e+00 6.682127e-01 7.734889e-01 | 2.448550e-10 0.000000e+00 2.448550e-10 | 1.388459e+00 0.000000e+00 1.388459e+00 | 1.000000e+00 0.000000e+00 1.000000e+00 | ( 4.689926e+00 )
1) 3.528427e-01 2.447137e+00 / 2.616590e+00 6.687255e-01 7.739675e-01 | 2.462617e-10 0.000000e+00 2.462617e-10 | 1.391605e+00 0.000000e+00 1.391605e+00 | 1.000000e+00 0.000000e+00 1.000000e+00 | ( 4.687160e+00 )
1) 3.529427e-01 2.447579e+00 / 2.616155e+00 6.692388e-01 7.744462e-01 | 2.476752e-10 0.000000e+00 2.476752e-10 | 1.394753e+00 0.000000e+00 1.394753e+00 | 1.000000e+00 0.000000e+00 1.000000e+00 | ( 4.684350e+00 )
1) 3.530427e-01 2.448016e+00 / 2.615718e+00 6.697525e-01 7.749250e-01 | 2.490965e-10 0.000000e+00 2.490965e-10 | 1.397903e+00 0.000000e+00 1.397903e+00 | 1.000000e+00 0.000000e+00 1.000000e+00 | ( 4.681496e+00 )
1) 3.531427e-01 2.448450e+00 / 2.615280e+00 6.702668e-01 7.754040e-01 | 2.505247e-10 0.000000e+00 2.505247e-10 | 1.401055e+00 0.000000e+00 1.401055e+00 | 1.000000e+00 0.000000e+00 1.000000e+00 | ( 4.678598e+00 )
1) 3.532427e-01 2.448881e+00 / 2.614841e+00 6.707816e-01 7.758830e-01 | 2.519598e-10 0.000000e+00 2.519598e-10 | 1.404209e+00 0.000000e+00 1.404209e+00 | 1.000000e+00 0.000000e+00 1.000000e+00 | ( 4.675656e+00 )
1) 3.533427e-01 2.449308e+00 / 2.614400e+00 6.712968e-01 7.763622e-01 | 2.534020e-10 0.000000e+00 2.534020e-10 | 1.407365e+00 0.000000e+00 1.407365e+00 | 1.000000e+00 0.000000e+00 1.000000e+00 | ( 4.672669e+00 )
1) 3.534427e-01 2.449732e+00 / 2.613958e+00 6.718125e-01 7.768414e-01 | 2.548517e-10 0.000000e+00 2.548517e-10 | 1.410524e+00 0.000000e+00 1.410524e+00 | 1.000000e+00 0.000000e+00 1.000000e+00 | ( 4.669638e+00 )
1) 3.535427e-01 2.450153e+00 / 2.613514e+00 6.723287e-01 7.773208e-01 | 2.563096e-10 0.000000e+00 2.563096e-10 | 1.413684e+00 0.000000e+00 1.413684e+00 | 1.000000e+00 0.000000e+00 1.000000e+00 | ( 4.666563e+00 )
1) 3.536427e-01 2.450569e+00 / 2.613069e+00 6.728454e-01 7.778004e-01 | 2.577751e-10 0.000000e+00 2.577751e-10 | 1.416847e+00 0.000000e+00 1.416847e+00 | 1.000000e+00 0.000000e+00 1.000000e+00 | ( 4.663443e+00 )
1) 3.537427e-01 2.450983e+00 / 2.612623e+00 6.733627e-01 7.782800e-01 | 2.592480e-10 0.000000e+00 2.592480e-10 | 1.420012e+00 0.000000e+00 1.420012e+00 | 1.000000e+00 0.000000e+00 1.000000e+00 | ( 4.660280e+00 )
1) 3.538427e-01 2.451393e+00 / 2.612175e+00 6.738804e-01 7.787598e-01 | 2.607281e-10 0.000000e+00 2.607281e-10 | 1.423180e+00 0.000000e+00 1.423180e+00 | 1.000000e+00 0.000000e+00 1.000000e+00 | ( 4.657072e+00 )
1) 3.539427e-01 2.451800e+00 / 2.611725e+00 6.743986e-01 7.792397e-01 | 2.622169e-10 0.000000e+00 2.622169e-10 | 1.426349e+00 0.000000e+00 1.426349e+00 | 1.000000e+00 0.000000e+00 1.000000e+00 | ( 4.653819e+00 )
1) 3.540427e-01 2.452203e+00 / 2.611275e+00 6.749172e-01 7.797197e-01 | 2.637122e-10 0.000000e+00 2.637122e-10 | 1.429520e+00 0.000000e+00 1.429520e+00 | 1.000000e+00 0.000000e+00 1.000000e+00 | ( 4.650523e+00 )
1) 3.541427e-01 2.452602e+00 / 2.610822e+00 6.754364e-01 7.801999e-01 | 2.652150e-10 0.000000e+00 2.652150e-10 | 1.432694e+00 0.000000e+00 1.432694e+00 | 1.000000e+00 0.000000e+00 1.000000e+00 | ( 4.647182e+00 )
1) 3.542427e-01 2.452999e+00 / 2.610369e+00 6.759561e-01 7.806802e-01 | 2.667238e-10 0.000000e+00 2.667238e-10 | 1.435870e+00 0.000000e+00 1.435870e+00 | 1.000000e+00 0.000000e+00 1.000000e+00 | ( 4.643797e+00 )
1) 3.543427e-01 2.453391e+00 / 2.609913e+00 6.764763e-01 7.811607e-01 | 2.682408e-10 0.000000e+00 2.682408e-10 | 1.439048e+00 0.000000e+00 1.439048e+00 | 1.000000e+00 0.000000e+00 1.000000e+00 | ( 4.640368e+00 )
1) 3.544427e-01 2.453781e+00 / 2.609457e+00 6.769970e-01 7.816413e-01 | 2.697655e-10 0.000000e+00 2.697655e-10 | 1.442228e+00 0.000000e+00 1.442228e+00 | 1.000000e+00 0.000000e+00 1.000000e+00 | ( 4.636894e+00 )
1) 3.545427e-01 2.454167e+00 / 2.608999e+00 6.775182e-01 7.821220e-01 | 2.712972e-10 0.000000e+00 2.712972e-10 | 1.445410e+00 0.000000e+00 1.445410e+00 | 1.000000e+00 0.000000e+00 1.000000e+00 | ( 4.633376e+00 )
1) 3.546427e-01 2.454549e+00 / 2.608539e+00 6.780399e-01 7.826029e-01 | 2.728360e-10 0.000000e+00 2.728360e-10 | 1.448595e+00 0.000000e+00 1.448595e+00 | 1.000000e+00 0.000000e+00 1.000000e+00 | ( 4.629814e+00 )
1) 3.547427e-01 2.454928e+00 / 2.608078e+00 6.785621e-01 7.830839e-01 | 2.743830e-10 0.000000e+00 2.743830e-10 | 1.451782e+00 0.000000e+00 1.451782e+00 | 1.000000e+00 0.000000e+00 1.000000e+00 | ( 4.626207e+00 )
1) 3.548427e-01 2.455304e+00 / 2.607615e+00 6.790848e-01 7.835651e-01 | 2.759366e-10 0.000000e+00 2.759366e-10 | 1.454970e+00 0.000000e+00 1.454970e+00 | 1.000000e+00 0.000000e+00 1.000000e+00 | ( 4.622556e+00 )
1) 3.549427e-01 2.455676e+00 / 2.607151e+00 6.796081e-01 7.840465e-01 | 2.774982e-10 0.000000e+00 2.774982e-10 | 1.458161e+00 0.000000e+00 1.458161e+00 | 1.000000e+00 0.000000e+00 1.000000e+00 | ( 4.618861e+00 )
1) 3.550427e-01 2.456044e+00 / 2.606686e+00 6.801318e-01 7.845280e-01 | 2.790670e-10 0.000000e+00 2.790670e-10 | 1.461355e+00 0.000000e+00 1.461355e+00 | 1.000000e+00 0.000000e+00 1.000000e+00 | ( 4.615121e+00 )
1) 3.551427e-01 2.456410e+00 / 2.606219e+00 6.806560e-01 7.850097e-01 | 2.806440e-10 0.000000e+00 2.806440e-10 | 1.464550e+00 0.000000e+00 1.464550e+00 | 1.000000e+00 0.000000e+00 1.000000e+00 | ( 4.611337e+00 )
1) 3.552427e-01 2.456771e+00 / 2.605750e+00 6.811808e-01 7.854916e-01 | 2.822282e-10 0.000000e+00 2.822282e-10 | 1.467748e+00 0.000000e+00 1.467748e+00 | 1.000000e+00 0.000000e+00 1.000000e+00 | ( 4.607508e+00 )
1) 3.553427e-01 2.457130e+00 / 2.605280e+00 6.817060e-01 7.859736e-01 | 2.838199e-10 0.000000e+00 2.838199e-10 | 1.470947e+00 0.000000e+00 1.470947e+00 | 1.000000e+00 0.000000e+00 1.000000e+00 | ( 4.603635e+00 )
1) 3.554427e-01 2.457485e+00 / 2.604809e+00 6.822318e-01 7.864558e-01 | 2.854201e-10 0.000000e+00 2.854201e-10 | 1.474149e+00 0.000000e+00 1.474149e+00 | 1.000000e+00 0.000000e+00 1.000000e+00 | ( 4.599718e+00 )
1) 3.555427e-01 2.457836e+00 / 2.604335e+00 6.827581e-01 7.869382e-01 | 2.870271e-10 0.000000e+00 2.870271e-10 | 1.477353e+00 0.000000e+00 1.477353e+00 | 1.000000e+00 0.000000e+00 1.000000e+00 | ( 4.595756e+00 )
1) 3.556427e-01 2.458184e+00 / 2.603861e+00 6.832849e-01 7.874208e-01 | 2.886427e-10 0.000000e+00 2.886427e-10 | 1.480559e+00 0.000000e+00 1.480559e+00 | 1.000000e+00 0.000000e+00 1.000000e+00 | ( 4.591750e+00 )
1) 3.557427e-01 2.458529e+00 / 2.603385e+00 6.838122e-01 7.879035e-01 | 2.902654e-10 0.000000e+00 2.902654e-10 | 1.483768e+00 0.000000e+00 1.483768e+00 | 1.000000e+00 0.000000e+00 1.000000e+00 | ( 4.587699e+00 )
1) 3.558427e-01 2.458870e+00 / 2.602907e+00 6.843401e-01 7.883864e-01 | 2.918961e-10 0.000000e+00 2.918961e-10 | 1.486978e+00 0.000000e+00 1.486978e+00 | 1.000000e+00 0.000000e+00 1.000000e+00 | ( 4.583604e+00 )
1) 3.559427e-01 2.459208e+00 / 2.602428e+00 6.848685e-01 7.888696e-01 | 2.935312e-10 0.000000e+00 2.935312e-10 | 1.490191e+00 0.000000e+00 1.490191e+00 | 1.000000e+00 0.000000e+00 1.000000e+00 | ( 4.579465e+00 )
2) 3.560427e-01 2.459542e+00 / 2.601947e+00 6.853973e-01 7.893529e-01 | 2.951757e-10 0.000000e+00 2.951757e-10 | 1.493406e+00 0.000000e+00 1.493406e+00 | 1.000000e+00 0.000000e+00 1.000000e+00 | ( 4.575281e+00 )
2) 3.561427e-01 2.459873e+00 / 2.601465e+00 6.859268e-01 7.898364e-01 | 2.968261e-10 0.000000e+00 2.968261e-10 | 1.496623e+00 0.000000e+00 1.496623e+00 | 1.000000e+00 0.000000e+00 1.000000e+00 | ( 4.571052e+00 )
1) 3.562427e-01 2.460201e+00 / 2.600981e+00 6.864567e-01 7.903201e-01 | 2.984841e-10 0.000000e+00 2.984841e-10 | 1.499843e+00 0.000000e+00 1.499843e+00 | 1.000000e+00 0.000000e+00 1.000000e+00 | ( 4.566779e+00 )
1) 3.563427e-01 2.460525e+00 / 2.600495e+00 6.869872e-01 7.908040e-01 | 3.001495e-10 0.000000e+00 3.001495e-10 | 1.503064e+00 0.000000e+00 1.503064e+00 | 1.000000e+00 0.000000e+00 1.000000e+00 | ( 4.562462e+00 )
1) 3.564427e-01 2.460845e+00 / 2.600008e+00 6.875182e-01 7.912881e-01 | 3.018232e-10 0.000000e+00 3.018232e-10 | 1.506288e+00 0.000000e+00 1.506288e+00 | 1.000000e+00 0.000000e+00 1.000000e+00 | ( 4.558100e+00 )
1) 3.565427e-01 2.461162e+00 / 2.599519e+00 6.880497e-01 7.917725e-01 | 3.035050e-10 0.000000e+00 3.035050e-10 | 1.509514e+00 0.000000e+00 1.509514e+00 | 1.000000e+00 0.000000e+00 1.000000e+00 | ( 4.553693e+00 )
1) 3.566427e-01 2.461476e+00 / 2.599029e+00 6.885817e-01 7.922570e-01 | 3.051945e-10 0.000000e+00 3.051945e-10 | 1.512742e+00 0.000000e+00 1.512742e+00 | 1.000000e+00 0.000000e+00 1.000000e+00 | ( 4.549242e+00 )
1) 3.567427e-01 2.461786e+00 / 2.598537e+00 6.891143e-01 7.927418e-01 | 3.068916e-10 0.000000e+00 3.068916e-10 | 1.515973e+00 0.000000e+00 1.515973e+00 | 1.000000e+00 0.000000e+00 1.000000e+00 | ( 4.544746e+00 )
1) 3.568427e-01 2.462093e+00 / 2.598044e+00 6.896474e-01 7.932267e-01 | 3.085965e-10 0.000000e+00 3.085965e-10 | 1.519205e+00 0.000000e+00 1.519205e+00 | 1.000000e+00 0.000000e+00 1.000000e+00 | ( 4.540206e+00 )
1) 3.569427e-01 2.462397e+00 / 2.597549e+00 6.901811e-01 7.937119e-01 | 3.103093e-10 0.000000e+00 3.103093e-10 | 1.522440e+00 0.000000e+00 1.522440e+00 | 1.000000e+00 0.000000e+00 1.000000e+00 | ( 4.535621e+00 )
1) 3.570427e-01 2.462697e+00 / 2.597052e+00 6.907153e-01 7.941974e-01 | 3.120300e-10 0.000000e+00 3.120300e-10 | 1.525677e+00 0.000000e+00 1.525677e+00 | 1.000000e+00 0.000000e+00 1.000000e+00 | ( 4.530991e+00 )
1) 3.571427e-01 2.462994e+00 / 2.596554e+00 6.912500e-01 7.946830e-01 | 3.137584e-10 0.000000e+00 3.137584e-10 | 1.528916e+00 0.000000e+00 1.528916e+00 | 1.000000e+00 0.000000e+00 1.000000e+00 | ( 4.526317e+00 )
1) 3.572427e-01 2.463287e+00 / 2.596054e+00 6.917853e-01 7.951689e-01 | 3.154956e-10 0.000000e+00 3.154956e-10 | 1.532158e+00 0.000000e+00 1.532158e+00 | 1.000000e+00 0.000000e+00 1.000000e+00 | ( 4.521598e+00 )
1) 3.573427e-01 2.463577e+00 / 2.595553e+00 6.923211e-01 7.956550e-01 | 3.172411e-10 0.000000e+00 3.172411e-10 | 1.535402e+00 0.000000e+00 1.535402e+00 | 1.000000e+00 0.000000e+00 1.000000e+00 | ( 4.516834e+00 )
1) 3.574427e-01 2.463863e+00 / 2.595049e+00 6.928574e-01 7.961414e-01 | 3.189942e-10 0.000000e+00 3.189942e-10 | 1.538648e+00 0.000000e+00 1.538648e+00 | 1.000000e+00 0.000000e+00 1.000000e+00 | ( 4.512025e+00 )
1) 3.575427e-01 2.464146e+00 / 2.594545e+00 6.933943e-01 7.966280e-01 | 3.207561e-10 0.000000e+00 3.207561e-10 | 1.541896e+00 0.000000e+00 1.541896e+00 | 1.000000e+00 0.000000e+00 1.000000e+00 | ( 4.507172e+00 )
1) 3.576427e-01 2.464426e+00 / 2.594038e+00 6.939318e-01 7.971149e-01 | 3.225256e-10 0.000000e+00 3.225256e-10 | 1.545146e+00 0.000000e+00 1.545146e+00 | 1.000000e+00 0.000000e+00 1.000000e+00 | ( 4.502274e+00 )
1) 3.577427e-01 2.464702e+00 / 2.593530e+00 6.944698e-01 7.976020e-01 | 3.243039e-10 0.000000e+00 3.243039e-10 | 1.548399e+00 0.000000e+00 1.548399e+00 | 1.000000e+00 0.000000e+00 1.000000e+00 | ( 4.497331e+00 )
1) 3.578427e-01 2.464974e+00 / 2.593020e+00 6.950083e-01 7.980893e-01 | 3.260898e-10 0.000000e+00 3.260898e-10 | 1.551654e+00 0.000000e+00 1.551654e+00 | 1.000000e+00 0.000000e+00 1.000000e+00 | ( 4.492344e+00 )
1) 3.579427e-01 2.465244e+00 / 2.592509e+00 6.955474e-01 7.985769e-01 | 3.278844e-10 0.000000e+00 3.278844e-10 | 1.554911e+00 0.000000e+00 1.554911e+00 | 1.000000e+00 0.000000e+00 1.000000e+00 | ( 4.487311e+00 )
1) 3.580427e-01 2.465510e+00 / 2.591996e+00 6.960871e-01 7.990648e-01 | 3.296876e-10 0.000000e+00 3.296876e-10 | 1.558171e+00 0.000000e+00 1.558171e+00 | 1.000000e+00 0.000000e+00 1.000000e+00 | ( 4.482234e+00 )
1) 3.581427e-01 2.465772e+00 / 2.591481e+00 6.966273e-01 7.995530e-01 | 3.314991e-10 0.000000e+00 3.314991e-10 | 1.561432e+00 0.000000e+00 1.561432e+00 | 1.000000e+00 0.000000e+00 1.000000e+00 | ( 4.477112e+00 )
1) 3.582427e-01 2.466031e+00 / 2.590964e+00 6.971681e-01 8.000414e-01 | 3.333187e-10 0.000000e+00 3.333187e-10 | 1.564696e+00 0.000000e+00 1.564696e+00 | 1.000000e+00 0.000000e+00 1.000000e+00 | ( 4.471945e+00 )
1) 3.583427e-01 2.466287e+00 / 2.590446e+00 6.977094e-01 8.005301e-01 | 3.351466e-10 0.000000e+00 3.351466e-10 | 1.567963e+00 0.000000e+00 1.567963e+00 | 1.000000e+00 0.000000e+00 1.000000e+00 | ( 4.466733e+00 )
1) 3.584427e-01 2.466539e+00 / 2.589926e+00 6.982513e-01 8.010191e-01 | 3.369831e-10 0.000000e+00 3.369831e-10 | 1.571231e+00 0.000000e+00 1.571231e+00 | 1.000000e+00 0.000000e+00 1.000000e+00 | ( 4.461476e+00 )
1) 3.585427e-01 2.466788e+00 / 2.589405e+00 6.987938e-01 8.015083e-01 | 3.388287e-10 0.000000e+00 3.388287e-10 | 1.574502e+00 0.000000e+00 1.574502e+00 | 1.000000e+00 0.000000e+00 1.000000e+00 | ( 4.456174e+00 )
1) 3.586427e-01 2.467033e+00 / 2.588881e+00 6.993368e-01 8.019979e-01 | 3.406824e-10 0.000000e+00 3.406824e-10 | 1.577775e+00 0.000000e+00 1.577775e+00 | 1.000000e+00 0.000000e+00 1.000000e+00 | ( 4.450827e+00 )
1) 3.587427e-01 2.467275e+00 / 2.588356e+00 6.998804e-01 8.024877e-01 | 3.425449e-10 0.000000e+00 3.425449e-10 | 1.581051e+00 0.000000e+00 1.581051e+00 | 1.000000e+00 0.000000e+00 1.000000e+00 | ( 4.445436e+00 )
1) 3.588427e-01 2.467514e+00 / 2.587829e+00 7.004246e-01 8.029778e-01 | 3.444161e-10 0.000000e+00 3.444161e-10 | 1.584328e+00 0.000000e+00 1.584328e+00 | 1.000000e+00 0.000000e+00 1.000000e+00 | ( 4.439999e+00 )
1) 3.589427e-01 2.467749e+00 / 2.587301e+00 7.009693e-01 8.034682e-01 | 3.462961e-10 0.000000e+00 3.462961e-10 | 1.587608e+00 0.000000e+00 1.587608e+00 | 1.000000e+00 0.000000e+00 1.000000e+00 | ( 4.434517e+00 )
1) 3.590427e-01 2.467981e+00 / 2.586770e+00 7.015146e-01 8.039590e-01 | 3.481850e-10 0.000000e+00 3.481850e-10 | 1.590891e+00 0.000000e+00 1.590891e+00 | 1.000000e+00 0.000000e+00 1.000000e+00 | ( 4.428990e+00 )
1) 3.591427e-01 2.468209e+00 / 2.586238e+00 7.020605e-01 8.044500e-01 | 3.500817e-10 0.000000e+00 3.500817e-10 | 1.594175e+00 0.000000e+00 1.594175e+00 | 1.000000e+00 0.000000e+00 1.000000e+00 | ( 4.423417e+00 )
1) 3.592427e-01 2.468434e+00 / 2.585704e+00 7.026070e-01 8.049413e-01 | 3.519871e-10 0.000000e+00 3.519871e-10 | 1.597463e+00 0.000000e+00 1.597463e+00 | 1.000000e+00 0.000000e+00 1.000000e+00 | ( 4.417800e+00 )
1) 3.593427e-01 2.468656e+00 / 2.585169e+00 7.031540e-01 8.054330e-01 | 3.539016e-10 0.000000e+00 3.539016e-10 | 1.600752e+00 0.000000e+00 1.600752e+00 | 1.000000e+00 0.000000e+00 1.000000e+00 | ( 4.412138e+00 )
1) 3.594427e-01 2.468874e+00 / 2.584631e+00 7.037017e-01 8.059249e-01 | 3.558238e-10 0.000000e+00 3.558238e-10 | 1.604044e+00 0.000000e+00 1.604044e+00 | 1.000000e+00 0.000000e+00 1.000000e+00 | ( 4.406430e+00 )
1) 3.595427e-01 2.469089e+00 / 2.584092e+00 7.042499e-01 8.064172e-01 | 3.577549e-10 0.000000e+00 3.577549e-10 | 1.607338e+00 0.000000e+00 1.607338e+00 | 1.000000e+00 0.000000e+00 1.000000e+00 | ( 4.400677e+00 )
1) 3.596427e-01 2.469300e+00 / 2.583551e+00 7.047987e-01 8.069098e-01 | 3.596958e-10 0.000000e+00 3.596958e-10 | 1.610634e+00 0.000000e+00 1.610634e+00 | 1.000000e+00 0.000000e+00 1.000000e+00 | ( 4.394879e+00 )
1) 3.597427e-01 2.469508e+00 / 2.583008e+00 7.053481e-01 8.074028e-01 | 3.617855e-10 0.000000e+00 3.617855e-10 | 1.613933e+00 0.000000e+00 1.613933e+00 | 9.999999e-01 0.000000e+00 9.999999e-01 | ( 4.389036e+00 )
2) 3.598427e-01 2.469712e+00 / 2.582464e+00 7.058981e-01 8.078961e-01 | 3.637268e-10 0.000000e+00 3.637268e-10 | 1.617234e+00 0.000000e+00 1.617234e+00 | 1.000000e+00 0.000000e+00 1.000000e+00 | ( 4.383147e+00 )
2) 3.599427e-01 2.469914e+00 / 2.581917e+00 7.064487e-01 8.083897e-01 | 3.656802e-10 0.000000e+00 3.656802e-10 | 1.620538e+00 0.000000e+00 1.620538e+00 | 1.000000e+00 0.000000e+00 1.000000e+00 | ( 4.377213e+00 )
1) 3.600427e-01 2.470111e+00 / 2.581369e+00 7.069999e-01 8.088837e-01 | 3.676424e-10 0.000000e+00 3.676424e-10 | 1.623843e+00 0.000000e+00 1.623843e+00 | 1.000000e+00 0.000000e+00 1.000000e+00 | ( 4.371233e+00 )
1) 3.601427e-01 2.470306e+00 / 2.580819e+00 7.075517e-01 8.093780e-01 | 3.696148e-10 0.000000e+00 3.696148e-10 | 1.627152e+00 0.000000e+00 1.627152e+00 | 1.000000e+00 0.000000e+00 1.000000e+00 | ( 4.365208e+00 )
1) 3.602427e-01 2.470496e+00 / 2.580267e+00 7.081041e-01 8.098726e-01 | 3.715965e-10 0.000000e+00 3.715965e-10 | 1.630463e+00 0.000000e+00 1.630463e+00 | 1.000000e+00 0.000000e+00 1.000000e+00 | ( 4.359137e+00 )
1) 3.603427e-01 2.470684e+00 / 2.579713e+00 7.086571e-01 8.103677e-01 | 3.735896e-10 0.000000e+00 3.735896e-10 | 1.633776e+00 0.000000e+00 1.633776e+00 | 1.000000e+00 0.000000e+00 1.000000e+00 | ( 4.353022e+00 )
1) 3.604427e-01 2.470868e+00 / 2.579157e+00 7.092107e-01 8.108630e-01 | 3.755916e-10 0.000000e+00 3.755916e-10 | 1.637092e+00 0.000000e+00 1.637092e+00 | 1.000000e+00 0.000000e+00 1.000000e+00 | ( 4.346860e+00 )
1) 3.605427e-01 2.471049e+00 / 2.578599e+00 7.097649e-01 8.113588e-01 | 3.776042e-10 0.000000e+00 3.776042e-10 | 1.640410e+00 0.000000e+00 1.640410e+00 | 1.000000e+00 0.000000e+00 1.000000e+00 | ( 4.340653e+00 )
1) 3.606427e-01 2.471226e+00 / 2.578040e+00 7.103197e-01 8.118549e-01 | 3.796266e-10 0.000000e+00 3.796266e-10 | 1.643731e+00 0.000000e+00 1.643731e+00 | 1.000000e+00 0.000000e+00 1.000000e+00 | ( 4.334400e+00 )
1) 3.607427e-01 2.471400e+00 / 2.577478e+00 7.108752e-01 8.123514e-01 | 3.816585e-10 0.000000e+00 3.816585e-10 | 1.647054e+00 0.000000e+00 1.647054e+00 | 1.000000e+00 0.000000e+00 1.000000e+00 | ( 4.328102e+00 )
1) 3.608427e-01 2.471571e+00 / 2.576915e+00 7.114313e-01 8.128483e-01 | 3.837028e-10 0.000000e+00 3.837028e-10 | 1.650379e+00 0.000000e+00 1.650379e+00 | 1.000000e+00 0.000000e+00 1.000000e+00 | ( 4.321758e+00 )
1) 3.609427e-01 2.471738e+00 / 2.576350e+00 7.119880e-01 8.133456e-01 | 3.857556e-10 0.000000e+00 3.857556e-10 | 1.653707e+00 0.000000e+00 1.653707e+00 | 1.000000e+00 0.000000e+00 1.000000e+00 | ( 4.315368e+00 )
1) 3.610427e-01 2.471901e+00 / 2.575783e+00 7.125453e-01 8.138432e-01 | 3.878182e-10 0.000000e+00 3.878182e-10 | 1.657038e+00 0.000000e+00 1.657038e+00 | 1.000000e+00 0.000000e+00 1.000000e+00 | ( 4.308932e+00 )
1) 3.611427e-01 2.472062e+00 / 2.575214e+00 7.131032e-01 8.143413e-01 | 3.898921e-10 0.000000e+00 3.898921e-10 | 1.660371e+00 0.000000e+00 1.660371e+00 | 1.000000e+00 0.000000e+00 1.000000e+00 | ( 4.302451e+00 )
1) 3.612427e-01 2.472219e+00 / 2.574642e+00 7.136618e-01 8.148398e-01 | 3.919742e-10 0.000000e+00 3.919742e-10 | 1.663706e+00 0.000000e+00 1.663706e+00 | 1.000000e+00 0.000000e+00 1.000000e+00 | ( 4.295924e+00 )
1) 3.613427e-01 2.472372e+00 / 2.574069e+00 7.142210e-01 8.153386e-01 | 3.940666e-10 0.000000e+00 3.940666e-10 | 1.667044e+00 0.000000e+00 1.667044e+00 | 1.000000e+00 0.000000e+00 1.000000e+00 | ( 4.289351e+00 )
1) 3.614427e-01 2.472522e+00 / 2.573494e+00 7.147809e-01 8.158379e-01 | 3.961695e-10 0.000000e+00 3.961695e-10 | 1.670385e+00 0.000000e+00 1.670385e+00 | 1.000000e+00 0.000000e+00 1.000000e+00 | ( 4.282731e+00 )
1) 3.615427e-01 2.472669e+00 / 2.572917e+00 7.153414e-01 8.163376e-01 | 3.982814e-10 0.000000e+00 3.982814e-10 | 1.673728e+00 0.000000e+00 1.673728e+00 | 1.000000e+00 0.000000e+00 1.000000e+00 | ( 4.276066e+00 )
1) 3.616427e-01 2.472812e+00 / 2.572338e+00 7.159025e-01 8.168377e-01 | 4.004039e-10 0.000000e+00 4.004039e-10 | 1.677073e+00 0.000000e+00 1.677073e+00 | 1.000000e+00 0.000000e+00 1.000000e+00 | ( 4.269355e+00 )
1) 3.617427e-01 2.472952e+00 / 2.571757e+00 7.164643e-01 8.173382e-01 | 4.025362e-10 0.000000e+00 4.025362e-10 | 1.680421e+00 0.000000e+00 1.680421e+00 | 1.000000e+00 0.000000e+00 1.000000e+00 | ( 4.262598e+00 )
1) 3.618427e-01 2.473089e+00 / 2.571175e+00 7.170267e-01 8.178392e-01 | 4.046785e-10 0.000000e+00 4.046785e-10 | 1.683772e+00 0.000000e+00 1.683772e+00 | 1.000000e+00 0.000000e+00 1.000000e+00 | ( 4.255794e+00 )
1) 3.619427e-01 2.473222e+00 / 2.570590e+00 7.175898e-01 8.183406e-01 | 4.068310e-10 0.000000e+00 4.068310e-10 | 1.687125e+00 0.000000e+00 1.687125e+00 | 1.000000e+00 0.000000e+00 1.000000e+00 | ( 4.248945e+00 )
1) 3.620427e-01 2.473352e+00 / 2.570002e+00 7.181535e-01 8.188424e-01 | 4.089926e-10 0.000000e+00 4.089926e-10 | 1.690481e+00 0.000000e+00 1.690481e+00 | 1.000000e+00 0.000000e+00 1.000000e+00 | ( 4.242049e+00 )
1) 3.621427e-01 2.473478e+00 / 2.569413e+00 7.187179e-01 8.193447e-01 | 4.111640e-10 0.000000e+00 4.111640e-10 | 1.693840e+00 0.000000e+00 1.693840e+00 | 1.000000e+00 0.000000e+00 1.000000e+00 | ( 4.235107e+00 )
1) 3.622427e-01 2.473601e+00 / 2.568822e+00 7.192830e-01 8.198475e-01 | 4.133469e-10 0.000000e+00 4.133469e-10 | 1.697201e+00 0.000000e+00 1.697201e+00 | 1.000000e+00 0.000000e+00 1.000000e+00 | ( 4.228118e+00 )
1) 3.623427e-01 2.473721e+00 / 2.568229e+00 7.198487e-01 8.203507e-01 | 4.155383e-10 0.000000e+00 4.155383e-10 | 1.700565e+00 0.000000e+00 1.700565e+00 | 1.000000e+00 0.000000e+00 1.000000e+00 | ( 4.221083e+00 )
1) 3.624427e-01 2.473837e+00 / 2.567634e+00 7.204151e-01 8.208543e-01 | 4.177410e-10 0.000000e+00 4.177410e-10 | 1.703932e+00 0.000000e+00 1.703932e+00 | 1.000000e+00 0.000000e+00 1.000000e+00 | ( 4.214002e+00 )
1) 3.625427e-01 2.473950e+00 / 2.567036e+00 7.209822e-01 8.213585e-01 | 4.199532e-10 0.000000e+00 4.199532e-10 | 1.707301e+00 0.000000e+00 1.707301e+00 | 1.000000e+00 0.000000e+00 1.000000e+00 | ( 4.206874e+00 )
1) 3.626427e-01 2.474059e+00 / 2.566437e+00 7.215499e-01 8.218631e-01 | 4.221756e-10 0.000000e+00 4.221756e-10 | 1.710673e+00 0.000000e+00 1.710673e+00 | 1.000000e+00 0.000000e+00 1.000000e+00 | ( 4.199700e+00 )
1) 3.627427e-01 2.474165e+00 / 2.565835e+00 7.221183e-01 8.223682e-01 | 4.244078e-10 0.000000e+00 4.244078e-10 | 1.714047e+00 0.000000e+00 1.714047e+00 | 1.000000e+00 0.000000e+00 1.000000e+00 | ( 4.192479e+00 )
1) 3.628427e-01 2.474268e+00 / 2.565232e+00 7.226875e-01 8.228738e-01 | 4.266503e-10 0.000000e+00 4.266503e-10 | 1.717424e+00 0.000000e+00 1.717424e+00 | 1.000000e+00 0.000000e+00 1.000000e+00 | ( 4.185211e+00 )
1) 3.629427e-01 2.474367e+00 / 2.564626e+00 7.232573e-01 8.233798e-01 | 4.289031e-10 0.000000e+00 4.289031e-10 | 1.720804e+00 0.000000e+00 1.720804e+00 | 1.000000e+00 0.000000e+00 1.000000e+00 | ( 4.177896e+00 )
1) 3.630427e-01 2.474463e+00 / 2.564018e+00 7.238277e-01 8.238864e-01 | 4.311662e-10 0.000000e+00 4.311662e-10 | 1.724187e+00 0.000000e+00 1.724187e+00 | 1.000000e+00 0.000000e+00 1.000000e+00 | ( 4.170535e+00 )
1) 3.631427e-01 2.474555e+00 / 2.563408e+00 7.243989e-01 8.243935e-01 | 4.334382e-10 0.000000e+00 4.334382e-10 | 1.727573e+00 0.000000e+00 1.727573e+00 | 1.000000e+00 0.000000e+00 1.000000e+00 | ( 4.163127e+00 )
1) 3.632427e-01 2.474644e+00 / 2.562795e+00 7.249708e-01 8.249011e-01 | 4.357217e-10 0.000000e+00 4.357217e-10 | 1.730961e+00 0.000000e+00 1.730961e+00 | 1.000000e+00 0.000000e+00 1.000000e+00 | ( 4.155671e+00 )
1) 3.633427e-01 2.474730e+00 / 2.562181e+00 7.255434e-01 8.254092e-01 | 4.380150e-10 0.000000e+00 4.380150e-10 | 1.734352e+00 0.000000e+00 1.734352e+00 | 1.000000e+00 0.000000e+00 1.000000e+00 | ( 4.148169e+00 )
1) 3.634427e-01 2.474812e+00 / 2.561564e+00 7.261167e-01 8.259178e-01 | 4.403184e-10 0.000000e+00 4.403184e-10 | 1.737746e+00 0.000000e+00 1.737746e+00 | 1.000000e+00 0.000000e+00 1.000000e+00 | ( 4.140620e+00 )
1) 3.635427e-01 2.474891e+00 / 2.560945e+00 7.266907e-01 8.264270e-01 | 4.426322e-10 0.000000e+00 4.426322e-10 | 1.741142e+00 0.000000e+00 1.741142e+00 | 1.000000e+00 0.000000e+00 1.000000e+00 | ( 4.133023e+00 )
1) 3.636427e-01 2.474966e+00 / 2.560324e+00 7.272654e-01 8.269367e-01 | 4.449561e-10 0.000000e+00 4.449561e-10 | 1.744542e+00 0.000000e+00 1.744542e+00 | 1.000000e+00 0.000000e+00 1.000000e+00 | ( 4.125379e+00 )
1) 3.637427e-01 2.475038e+00 / 2.559701e+00 7.278408e-01 8.274469e-01 | 4.472906e-10 0.000000e+00 4.472906e-10 | 1.747944e+00 0.000000e+00 1.747944e+00 | 1.000000e+00 0.000000e+00 1.000000e+00 | ( 4.117688e+00 )
1) 3.638427e-01 2.475107e+00 / 2.559075e+00 7.284170e-01 8.279577e-01 | 4.496350e-10 0.000000e+00 4.496350e-10 | 1.751349e+00 0.000000e+00 1.751349e+00 | 1.000000e+00 0.000000e+00 1.000000e+00 | ( 4.109950e+00 )
1) 3.639427e-01 2.475172e+00 / 2.558447e+00 7.289939e-01 8.284690e-01 | 4.519887e-10 0.000000e+00 4.519887e-10 | 1.754757e+00 0.000000e+00 1.754757e+00 | 1.000000e+00 0.000000e+00 1.000000e+00 | ( 4.102164e+00 )
1) 3.640427e-01 2.475234e+00 / 2.557817e+00 7.295715e-01 8.289809e-01 | 4.543530e-10 0.000000e+00 4.543530e-10 | 1.758168e+00 0.000000e+00 1.758168e+00 | 1.000000e+00 0.000000e+00 1.000000e+00 | ( 4.094330e+00 )
1) 3.641427e-01 2.475292e+00 / 2.557185e+00 7.301499e-01 8.294934e-01 | 4.567280e-10 0.000000e+00 4.567280e-10 | 1.761582e+00 0.000000e+00 1.761582e+00 | 1.000000e+00 0.000000e+00 1.000000e+00 | ( 4.086448e+00 )
1) 3.642427e-01 2.475347e+00 / 2.556550e+00 7.307290e-01 8.300064e-01 | 4.591141e-10 0.000000e+00 4.591141e-10 | 1.764999e+00 0.000000e+00 1.764999e+00 | 1.000000e+00 0.000000e+00 1.000000e+00 | ( 4.078519e+00 )
1) 3.643427e-01 2.475399e+00 / 2.555913e+00 7.313088e-01 8.305200e-01 | 4.615095e-10 0.000000e+00 4.615095e-10 | 1.768419e+00 0.000000e+00 1.768419e+00 | 1.000000e+00 0.000000e+00 1.000000e+00 | ( 4.070542e+00 )
2) 3.644427e-01 2.475447e+00 / 2.555275e+00 7.318893e-01 8.310342e-01 | 4.639515e-10 0.000000e+00 4.639515e-10 | 1.771841e+00 0.000000e+00 1.771841e+00 | 1.000000e+00 0.000000e+00 1.000000e+00 | ( 4.062529e+00 )
2) 3.645427e-01 2.475492e+00 / 2.554633e+00 7.324707e-01 8.315490e-01 | 4.663656e-10 0.000000e+00 4.663656e-10 | 1.775267e+00 0.000000e+00 1.775267e+00 | 1.000000e+00 0.000000e+00 1.000000e+00 | ( 4.054455e+00 )
2) 3.646427e-01 2.475533e+00 / 2.553989e+00 7.330528e-01 8.320644e-01 | 4.687899e-10 0.000000e+00 4.687899e-10 | 1.778696e+00 0.000000e+00 1.778696e+00 | 1.000000e+00 0.000000e+00 1.000000e+00 | ( 4.046333e+00 )
2) 3.647427e-01 2.475571e+00 / 2.553342e+00 7.336357e-01 8.325804e-01 | 4.712262e-10 0.000000e+00 4.712262e-10 | 1.782128e+00 0.000000e+00 1.782128e+00 | 1.000000e+00 0.000000e+00 1.000000e+00 | ( 4.038164e+00 )
2) 3.648427e-01 2.475606e+00 / 2.552693e+00 7.342193e-01 8.330971e-01 | 4.736718e-10 0.000000e+00 4.736718e-10 | 1.785563e+00 0.000000e+00 1.785563e+00 | 1.000000e+00 0.000000e+00 1.000000e+00 | ( 4.029946e+00 )
1) 3.649427e-01 2.475637e+00 / 2.552042e+00 7.348037e-01 8.336144e-01 | 4.761291e-10 0.000000e+00 4.761291e-10 | 1.789001e+00 0.000000e+00 1.789001e+00 | 1.000000e+00 0.000000e+00 1.000000e+00 | ( 4.021679e+00 )
1) 3.650427e-01 2.475665e+00 / 2.551388e+00 7.353890e-01 8.341323e-01 | 4.785972e-10 0.000000e+00 4.785972e-10 | 1.792442e+00 0.000000e+00 1.792442e+00 | 1.000000e+00 0.000000e+00 1.000000e+00 | ( 4.013365e+00 )
1) 3.651427e-01 2.475689e+00 / 2.550732e+00 7.359750e-01 8.346508e-01 | 4.810756e-10 0.000000e+00 4.810756e-10 | 1.795886e+00 0.000000e+00 1.795886e+00 | 1.000000e+00 0.000000e+00 1.000000e+00 | ( 4.005001e+00 )
1) 3.652427e-01 2.475710e+00 / 2.550073e+00 7.365617e-01 8.351700e-01 | 4.835652e-10 0.000000e+00 4.835652e-10 | 1.799334e+00 0.000000e+00 1.799334e+00 | 1.000000e+00 0.000000e+00 1.000000e+00 | ( 3.996590e+00 )
1) 3.653427e-01 2.475728e+00 / 2.549412e+00 7.371493e-01 8.356898e-01 | 4.860652e-10 0.000000e+00 4.860652e-10 | 1.802784e+00 0.000000e+00 1.802784e+00 | 1.000000e+00 0.000000e+00 1.000000e+00 | ( 3.988129e+00 )
1) 3.654427e-01 2.475742e+00 / 2.548748e+00 7.377377e-01 8.362104e-01 | 4.885765e-10 0.000000e+00 4.885765e-10 | 1.806238e+00 0.000000e+00 1.806238e+00 | 1.000000e+00 0.000000e+00 1.000000e+00 | ( 3.979620e+00 )
1) 3.655427e-01 2.475753e+00 / 2.548082e+00 7.383269e-01 8.367315e-01 | 4.910989e-10 0.000000e+00 4.910989e-10 | 1.809695e+00 0.000000e+00 1.809695e+00 | 1.000000e+00 0.000000e+00 1.000000e+00 | ( 3.971062e+00 )
1) 3.656427e-01 2.475760e+00 / 2.547414e+00 7.389169e-01 8.372534e-01 | 4.936322e-10 0.000000e+00 4.936322e-10 | 1.813155e+00 0.000000e+00 1.813155e+00 | 1.000000e+00 0.000000e+00 1.000000e+00 | ( 3.962454e+00 )
1) 3.657427e-01 2.475764e+00 / 2.546742e+00 7.395077e-01 8.377759e-01 | 4.961758e-10 0.000000e+00 4.961758e-10 | 1.816619e+00 0.000000e+00 1.816619e+00 | 1.000000e+00 0.000000e+00 1.000000e+00 | ( 3.953798e+00 )
1) 3.658427e-01 2.475765e+00 / 2.546069e+00 7.400993e-01 8.382992e-01 | 4.987315e-10 0.000000e+00 4.987315e-10 | 1.820085e+00 0.000000e+00 1.820085e+00 | 1.000000e+00 0.000000e+00 1.000000e+00 | ( 3.945092e+00 )
1) 3.659427e-01 2.475762e+00 / 2.545392e+00 7.406917e-01 8.388231e-01 | 5.012972e-10 0.000000e+00 5.012972e-10 | 1.823555e+00 0.000000e+00 1.823555e+00 | 1.000000e+00 0.000000e+00 1.000000e+00 | ( 3.936337e+00 )
1) 3.660427e-01 2.475756e+00 / 2.544713e+00 7.412850e-01 8.393478e-01 | 5.038756e-10 0.000000e+00 5.038756e-10 | 1.827029e+00 0.000000e+00 1.827029e+00 | 1.000000e+00 0.000000e+00 1.000000e+00 | ( 3.927533e+00 )
1) 3.661427e-01 2.475746e+00 / 2.544032e+00 7.418792e-01 8.398731e-01 | 5.064653e-10 0.000000e+00 5.064653e-10 | 1.830506e+00 0.000000e+00 1.830506e+00 | 1.000000e+00 0.000000e+00 1.000000e+00 | ( 3.918678e+00 )
1) 3.662427e-01 2.475733e+00 / 2.543348e+00 7.424741e-01 8.403993e-01 | 5.090659e-10 0.000000e+00 5.090659e-10 | 1.833986e+00 0.000000e+00 1.833986e+00 | 1.000000e+00 0.000000e+00 1.000000e+00 | ( 3.909774e+00 )
1) 3.663427e-01 2.475717e+00 / 2.542661e+00 7.430700e-01 8.409261e-01 | 5.116776e-10 0.000000e+00 5.116776e-10 | 1.837469e+00 0.000000e+00 1.837469e+00 | 1.000000e+00 0.000000e+00 1.000000e+00 | ( 3.900821e+00 )
1) 3.664427e-01 2.475697e+00 / 2.541971e+00 7.436666e-01 8.414537e-01 | 5.143008e-10 0.000000e+00 5.143008e-10 | 1.840956e+00 0.000000e+00 1.840956e+00 | 1.000000e+00 0.000000e+00 1.000000e+00 | ( 3.891817e+00 )
1) 3.665427e-01 2.475674e+00 / 2.541279e+00 7.442642e-01 8.419820e-01 | 5.169349e-10 0.000000e+00 5.169349e-10 | 1.844447e+00 0.000000e+00 1.844447e+00 | 1.000000e+00 0.000000e+00 1.000000e+00 | ( 3.882763e+00 )
1) 3.666427e-01 2.475647e+00 / 2.540584e+00 7.448626e-01 8.425111e-01 | 5.195810e-10 0.000000e+00 5.195810e-10 | 1.847941e+00 0.000000e+00 1.847941e+00 | 1.000000e+00 0.000000e+00 1.000000e+00 | ( 3.873659e+00 )
1) 3.667427e-01 2.475617e+00 / 2.539887e+00 7.454619e-01 8.430410e-01 | 5.222385e-10 0.000000e+00 5.222385e-10 | 1.851438e+00 0.000000e+00 1.851438e+00 | 1.000000e+00 0.000000e+00 1.000000e+00 | ( 3.864504e+00 )
1) 3.668427e-01 2.475583e+00 / 2.539186e+00 7.460621e-01 8.435717e-01 | 5.249068e-10 0.000000e+00 5.249068e-10 | 1.854939e+00 0.000000e+00 1.854939e+00 | 1.000000e+00 0.000000e+00 1.000000e+00 | ( 3.855299e+00 )
1) 3.669427e-01 2.475546e+00 / 2.538483e+00 7.466631e-01 8.441032e-01 | 5.275853e-10 0.000000e+00 5.275853e-10 | 1.858444e+00 0.000000e+00 1.858444e+00 | 1.000000e+00 0.000000e+00 1.000000e+00 | ( 3.846043e+00 )
1) 3.670427e-01 2.475506e+00 / 2.537777e+00 7.472651e-01 8.446354e-01 | 5.302703e-10 0.000000e+00 5.302703e-10 | 1.861952e+00 0.000000e+00 1.861952e+00 | 1.000000e+00 0.000000e+00 1.000000e+00 | ( 3.836737e+00 )
1) 3.671427e-01 2.475462e+00 / 2.537069e+00 7.478680e-01 8.451685e-01 | 5.329668e-10 0.000000e+00 5.329668e-10 | 1.865464e+00 0.000000e+00 1.865464e+00 | 1.000000e+00 0.000000e+00 1.000000e+00 | ( 3.827379e+00 )
1) 3.672427e-01 2.475415e+00 / 2.536357e+00 7.484718e-01 8.457024e-01 | 5.356746e-10 0.000000e+00 5.356746e-10 | 1.868979e+00 0.000000e+00 1.868979e+00 | 1.000000e+00 0.000000e+00 1.000000e+00 | ( 3.817971e+00 )
1) 3.673427e-01 2.475364e+00 / 2.535643e+00 7.490765e-01 8.462371e-01 | 5.383938e-10 0.000000e+00 5.383938e-10 | 1.872499e+00 0.000000e+00 1.872499e+00 | 1.000000e+00 0.000000e+00 1.000000e+00 | ( 3.808511e+00 )
1) 3.674427e-01 2.475310e+00 / 2.534926e+00 7.496821e-01 8.467727e-01 | 5.411260e-10 0.000000e+00 5.411260e-10 | 1.876022e+00 0.000000e+00 1.876022e+00 | 1.000000e+00 0.000000e+00 1.000000e+00 | ( 3.799000e+00 )
1) 3.675427e-01 2.475253e+00 / 2.534205e+00 7.502886e-01 8.473091e-01 | 5.438681e-10 0.000000e+00 5.438681e-10 | 1.879548e+00 0.000000e+00 1.879548e+00 | 1.000000e+00 0.000000e+00 1.000000e+00 | ( 3.789437e+00 )
1) 3.676427e-01 2.475192e+00 / 2.533482e+00 7.508961e-01 8.478464e-01 | 5.466219e-10 0.000000e+00 5.466219e-10 | 1.883079e+00 0.000000e+00 1.883079e+00 | 1.000000e+00 0.000000e+00 1.000000e+00 | ( 3.779823e+00 )
1) 3.677427e-01 2.475127e+00 / 2.532756e+00 7.515046e-01 8.483845e-01 | 5.493945e-10 0.000000e+00 5.493945e-10 | 1.886613e+00 0.000000e+00 1.886613e+00 | 1.000000e+00 0.000000e+00 1.000000e+00 | ( 3.770156e+00 )
1) 3.678427e-01 2.475059e+00 / 2.532028e+00 7.521139e-01 8.489236e-01 | 5.521845e-10 0.000000e+00 5.521845e-10 | 1.890152e+00 0.000000e+00 1.890152e+00 | 1.000000e+00 0.000000e+00 1.000000e+00 | ( 3.760438e+00 )
1) 3.679427e-01 2.474988e+00 / 2.531296e+00 7.527243e-01 8.494635e-01 | 5.549876e-10 0.000000e+00 5.549876e-10 | 1.893694e+00 0.000000e+00 1.893694e+00 | 1.000000e+00 0.000000e+00 1.000000e+00 | ( 3.750667e+00 )
1) 3.680427e-01 2.474913e+00 / 2.530561e+00 7.533356e-01 8.500044e-01 | 5.578025e-10 0.000000e+00 5.578025e-10 | 1.897240e+00 0.000000e+00 1.897240e+00 | 1.000000e+00 0.000000e+00 1.000000e+00 | ( 3.740844e+00 )
1) 3.681427e-01 2.474835e+00 / 2.529823e+00 7.539479e-01 8.505461e-01 | 5.606302e-10 0.000000e+00 5.606302e-10 | 1.900790e+00 0.000000e+00 1.900790e+00 | 1.000000e+00 0.000000e+00 1.000000e+00 | ( 3.730969e+00 )
1) 3.682427e-01 2.474754e+00 / 2.529082e+00 7.545612e-01 8.510888e-01 | 5.634693e-10 0.000000e+00 5.634693e-10 | 1.904344e+00 0.000000e+00 1.904344e+00 | 1.000000e+00 0.000000e+00 1.000000e+00 | ( 3.721041e+00 )
2) 3.683427e-01 2.474669e+00 / 2.528338e+00 7.551755e-01 8.516324e-01 | 5.663141e-10 0.000000e+00 5.663141e-10 | 1.907902e+00 0.000000e+00 1.907902e+00 | 1.000000e+00 0.000000e+00 1.000000e+00 | ( 3.711060e+00 )
2) 3.684427e-01 2.474580e+00 / 2.527591e+00 7.557909e-01 8.521769e-01 | 5.691658e-10 0.000000e+00 5.691658e-10 | 1.911464e+00 0.000000e+00 1.911464e+00 | 1.000000e+00 0.000000e+00 1.000000e+00 | ( 3.701026e+00 )
2) 3.685427e-01 2.474488e+00 / 2.526841e+00 7.564072e-01 8.527224e-01 | 5.720296e-10 0.000000e+00 5.720296e-10 | 1.915030e+00 0.000000e+00 1.915030e+00 | 1.000000e+00 0.000000e+00 1.000000e+00 | ( 3.690939e+00 )
2) 3.686427e-01 2.474393e+00 / 2.526088e+00 7.570246e-01 8.532689e-01 | 1.918600e+00 0.000000e+00 1.918600e+00 | 5.749046e-10 0.000000e+00 5.749046e-10 | 1.000000e+00 0.000000e+00 1.000000e+00 | ( 3.680798e+00 )
2) 3.687427e-01 2.474294e+00 / 2.525331e+00 7.576430e-01 8.538163e-01 | 1.922174e+00 0.000000e+00 1.922174e+00 | 5.777916e-10 0.000000e+00 5.777916e-10 | 1.000000e+00 0.000000e+00 1.000000e+00 | ( 3.670604e+00 )
1) 3.688427e-01 2.474192e+00 / 2.524572e+00 7.582624e-01 8.543648e-01 | 1.925753e+00 0.000000e+00 1.925753e+00 | 5.806893e-10 0.000000e+00 5.806893e-10 | 1.000000e+00 0.000000e+00 1.000000e+00 | ( 3.660355e+00 )
1) 3.689427e-01 2.474086e+00 / 2.523809e+00 7.588829e-01 8.549142e-01 | 1.929336e+00 0.000000e+00 1.929336e+00 | 5.835995e-10 0.000000e+00 5.835995e-10 | 1.000000e+00 0.000000e+00 1.000000e+00 | ( 3.650053e+00 )
1) 3.690427e-01 2.473977e+00 / 2.523043e+00 7.595044e-01 8.554647e-01 | 1.932923e+00 0.000000e+00 1.932923e+00 | 5.865211e-10 0.000000e+00 5.865211e-10 | 1.000000e+00 0.000000e+00 1.000000e+00 | ( 3.639696e+00 )
1) 3.691427e-01 2.473864e+00 / 2.522274e+00 7.601271e-01 8.560162e-01 | 1.936515e+00 0.000000e+00 1.936515e+00 | 5.896048e-10 0.000000e+00 5.896048e-10 | 9.999999e-01 0.000000e+00 9.999999e-01 | ( 3.629285e+00 )
2) 3.692427e-01 2.473748e+00 / 2.521501e+00 7.607507e-01 8.565688e-01 | 1.940111e+00 0.000000e+00 1.940111e+00 | 5.925255e-10 0.000000e+00 5.925255e-10 | 1.000000e+00 0.000000e+00 1.000000e+00 | ( 3.618819e+00 )
2) 3.693427e-01 2.473628e+00 / 2.520725e+00 7.613755e-01 8.571224e-01 | 1.943711e+00 0.000000e+00 1.943711e+00 | 5.954576e-10 0.000000e+00 5.954576e-10 | 1.000000e+00 0.000000e+00 1.000000e+00 | ( 3.608298e+00 )
2) 3.694427e-01 2.473505e+00 / 2.519945e+00 7.620014e-01 8.576771e-01 | 1.947316e+00 0.000000e+00 1.947316e+00 | 5.984028e-10 0.000000e+00 5.984028e-10 | 1.000000e+00 0.000000e+00 1.000000e+00 | ( 3.597722e+00 )
1) 3.695427e-01 2.473378e+00 / 2.519163e+00 7.626284e-01 8.582329e-01 | 1.950926e+00 0.000000e+00 1.950926e+00 | 6.013616e-10 0.000000e+00 6.013616e-10 | 9.999999e-01 0.000000e+00 9.999999e-01 | ( 3.587090e+00 )
1) 3.696427e-01 2.473248e+00 / 2.518376e+00 7.632565e-01 8.587898e-01 | 1.954540e+00 0.000000e+00 1.954540e+00 | 6.043324e-10 0.000000e+00 6.043324e-10 | 1.000000e+00 0.000000e+00 1.000000e+00 | ( 3.576403e+00 )
1) 3.697427e-01 2.473115e+00 / 2.517587e+00 7.638857e-01 8.593479e-01 | 1.958159e+00 0.000000e+00 1.958159e+00 | 6.073173e-10 0.000000e+00 6.073173e-10 | 1.000000e+00 0.000000e+00 1.000000e+00 | ( 3.565660e+00 )
1) 3.698427e-01 2.472978e+00 / 2.516793e+00 7.645160e-01 8.599070e-01 | 1.961782e+00 0.000000e+00 1.961782e+00 | 6.103201e-10 0.000000e+00 6.103201e-10 | 1.000000e+00 0.000000e+00 1.000000e+00 | ( 3.554860e+00 )
1) 3.699427e-01 2.472837e+00 / 2.515997e+00 7.651475e-01 8.604673e-01 | 1.965410e+00 0.000000e+00 1.965410e+00 | 6.133352e-10 0.000000e+00 6.133352e-10 | 1.000000e+00 0.000000e+00 1.000000e+00 | ( 3.544004e+00 )
1) 3.700427e-01 2.472693e+00 / 2.515196e+00 7.657802e-01 8.610288e-01 | 1.969043e+00 0.000000e+00 1.969043e+00 | 6.163633e-10 0.000000e+00 6.163633e-10 | 1.000000e+00 0.000000e+00 1.000000e+00 | ( 3.533091e+00 )
1) 3.701427e-01 2.472546e+00 / 2.514392e+00 7.664141e-01 8.615915e-01 | 1.972681e+00 0.000000e+00 1.972681e+00 | 6.194043e-10 0.000000e+00 6.194043e-10 | 1.000000e+00 0.000000e+00 1.000000e+00 | ( 3.522122e+00 )
1) 3.702427e-01 2.472395e+00 / 2.513585e+00 7.670491e-01 8.621553e-01 | 1.976324e+00 0.000000e+00 1.976324e+00 | 6.224575e-10 0.000000e+00 6.224575e-10 | 1.000000e+00 0.000000e+00 1.000000e+00 | ( 3.511095e+00 )
1) 3.703427e-01 2.472240e+00 / 2.512774e+00 7.676853e-01 8.627204e-01 | 1.979972e+00 0.000000e+00 1.979972e+00 | 6.255242e-10 0.000000e+00 6.255242e-10 | 1.000000e+00 0.000000e+00 1.000000e+00 | ( 3.500010e+00 )
1) 3.704427e-01 2.472083e+00 / 2.511959e+00 7.683227e-01 8.632866e-01 | 1.983625e+00 0.000000e+00 1.983625e+00 | 6.286055e-10 0.000000e+00 6.286055e-10 | 1.000000e+00 0.000000e+00 1.000000e+00 | ( 3.488868e+00 )
1) 3.705427e-01 2.471921e+00 / 2.511140e+00 7.689614e-01 8.638542e-01 | 1.987282e+00 0.000000e+00 1.987282e+00 | 6.316984e-10 0.000000e+00 6.316984e-10 | 1.000000e+00 0.000000e+00 1.000000e+00 | ( 3.477667e+00 )
1) 3.706427e-01 2.471756e+00 / 2.510318e+00 7.696013e-01 8.644229e-01 | 1.990945e+00 0.000000e+00 1.990945e+00 | 6.348045e-10 0.000000e+00 6.348045e-10 | 1.000000e+00 0.000000e+00 1.000000e+00 | ( 3.466408e+00 )
1) 3.707427e-01 2.471588e+00 / 2.509492e+00 7.702424e-01 8.649930e-01 | 1.994613e+00 0.000000e+00 1.994613e+00 | 6.379239e-10 0.000000e+00 6.379239e-10 | 1.000000e+00 0.000000e+00 1.000000e+00 | ( 3.455090e+00 )
1) 3.708427e-01 2.471416e+00 / 2.508661e+00 7.708848e-01 8.655643e-01 | 1.998287e+00 0.000000e+00 1.998287e+00 | 6.410555e-10 0.000000e+00 6.410555e-10 | 1.000000e+00 0.000000e+00 1.000000e+00 | ( 3.443714e+00 )
1) 3.709427e-01 2.471240e+00 / 2.507828e+00 7.715284e-01 8.661370e-01 | 2.001965e+00 0.000000e+00 2.001965e+00 | 6.442036e-10 0.000000e+00 6.442036e-10 | 1.000000e+00 0.000000e+00 1.000000e+00 | ( 3.432278e+00 )
2) 3.710427e-01 2.471061e+00 / 2.506990e+00 7.721734e-01 8.667110e-01 | 2.005649e+00 0.000000e+00 2.005649e+00 | 6.473643e-10 0.000000e+00 6.473643e-10 | 1.000000e+00 0.000000e+00 1.000000e+00 | ( 3.420782e+00 )
2) 3.711427e-01 2.470879e+00 / 2.506148e+00 7.728196e-01 8.672863e-01 | 2.009339e+00 0.000000e+00 2.009339e+00 | 6.505450e-10 0.000000e+00 6.505450e-10 | 1.000000e+00 0.000000e+00 1.000000e+00 | ( 3.409226e+00 )
2) 3.712427e-01 2.470693e+00 / 2.505302e+00 7.734671e-01 8.678630e-01 | 2.013034e+00 0.000000e+00 2.013034e+00 | 6.537253e-10 0.000000e+00 6.537253e-10 | 1.000000e+00 0.000000e+00 1.000000e+00 | ( 3.397610e+00 )
2) 3.713427e-01 2.470503e+00 / 2.504452e+00 7.741160e-01 8.684412e-01 | 2.016735e+00 0.000000e+00 2.016735e+00 | 6.569156e-10 0.000000e+00 6.569156e-10 | 1.000000e+00 0.000000e+00 1.000000e+00 | ( 3.385933e+00 )
2) 3.714427e-01 2.470310e+00 / 2.503598e+00 7.747662e-01 8.690207e-01 | 2.020442e+00 0.000000e+00 2.020442e+00 | 6.601198e-10 0.000000e+00 6.601198e-10 | 1.000000e+00 0.000000e+00 1.000000e+00 | ( 3.374196e+00 )
2) 3.715427e-01 2.470114e+00 / 2.502739e+00 7.754177e-01 8.696016e-01 | 2.024154e+00 0.000000e+00 2.024154e+00 | 6.633391e-10 0.000000e+00 6.633391e-10 | 1.000000e+00 0.000000e+00 1.000000e+00 | ( 3.362397e+00 )
1) 3.716427e-01 2.469913e+00 / 2.501877e+00 7.760706e-01 8.701840e-01 | 2.027872e+00 0.000000e+00 2.027872e+00 | 6.665733e-10 0.000000e+00 6.665733e-10 | 1.000000e+00 0.000000e+00 1.000000e+00 | ( 3.350536e+00 )
1) 3.717427e-01 2.469710e+00 / 2.501010e+00 7.767249e-01 8.707678e-01 | 2.031595e+00 0.000000e+00 2.031595e+00 | 6.698287e-10 0.000000e+00 6.698287e-10 | 1.000000e+00 0.000000e+00 1.000000e+00 | ( 3.338613e+00 )
1) 3.718427e-01 2.469502e+00 / 2.500140e+00 7.773806e-01 8.713531e-01 | 2.035325e+00 0.000000e+00 2.035325e+00 | 6.730971e-10 0.000000e+00 6.730971e-10 | 1.000000e+00 0.000000e+00 1.000000e+00 | ( 3.326628e+00 )
1) 3.719427e-01 2.469292e+00 / 2.499264e+00 7.780377e-01 8.719399e-01 | 2.039060e+00 0.000000e+00 2.039060e+00 | 6.763782e-10 0.000000e+00 6.763782e-10 | 1.000000e+00 0.000000e+00 1.000000e+00 | ( 3.314579e+00 )
1) 3.720427e-01 2.469077e+00 / 2.498385e+00 7.786963e-01 8.725282e-01 | 2.042802e+00 0.000000e+00 2.042802e+00 | 6.796750e-10 0.000000e+00 6.796750e-10 | 1.000000e+00 0.000000e+00 1.000000e+00 | ( 3.302468e+00 )
1) 3.721427e-01 2.468859e+00 / 2.497501e+00 7.793563e-01 8.731181e-01 | 2.046550e+00 0.000000e+00 2.046550e+00 | 6.829902e-10 0.000000e+00 6.829902e-10 | 1.000000e+00 0.000000e+00 1.000000e+00 | ( 3.290293e+00 )
1) 3.722427e-01 2.468638e+00 / 2.496613e+00 7.800178e-01 8.737095e-01 | 2.050304e+00 0.000000e+00 2.050304e+00 | 6.863198e-10 0.000000e+00 6.863198e-10 | 1.000000e+00 0.000000e+00 1.000000e+00 | ( 3.278053e+00 )
1) 3.723427e-01 2.468413e+00 / 2.495720e+00 7.806807e-01 8.743026e-01 | 2.054064e+00 0.000000e+00 2.054064e+00 | 6.896640e-10 0.000000e+00 6.896640e-10 | 1.000000e+00 0.000000e+00 1.000000e+00 | ( 3.265750e+00 )
1) 3.724427e-01 2.468184e+00 / 2.494823e+00 7.813452e-01 8.748972e-01 | 2.057830e+00 0.000000e+00 2.057830e+00 | 6.930261e-10 0.000000e+00 6.930261e-10 | 1.000000e+00 0.000000e+00 1.000000e+00 | ( 3.253381e+00 )
1) 3.725427e-01 2.467952e+00 / 2.493921e+00 7.820112e-01 8.754934e-01 | 2.061603e+00 0.000000e+00 2.061603e+00 | 6.963958e-10 0.000000e+00 6.963958e-10 | 1.000000e+00 0.000000e+00 1.000000e+00 | ( 3.240948e+00 )
2) 3.726427e-01 2.467716e+00 / 2.493014e+00 7.826787e-01 8.760913e-01 | 2.065382e+00 0.000000e+00 2.065382e+00 | 6.997485e-10 0.000000e+00 6.997485e-10 | 1.000000e+00 0.000000e+00 1.000000e+00 | ( 3.228448e+00 )
2) 3.727427e-01 2.467476e+00 / 2.492103e+00 7.833478e-01 8.766909e-01 | 2.069168e+00 0.000000e+00 2.069168e+00 | 7.031141e-10 0.000000e+00 7.031141e-10 | 1.000000e+00 0.000000e+00 1.000000e+00 | ( 3.215883e+00 )
1) 3.728427e-01 2.467233e+00 / 2.491187e+00 7.840185e-01 8.772922e-01 | 2.072961e+00 0.000000e+00 2.072961e+00 | 7.064949e-10 0.000000e+00 7.064949e-10 | 1.000000e+00 0.000000e+00 1.000000e+00 | ( 3.203250e+00 )
1) 3.729427e-01 2.466986e+00 / 2.490267e+00 7.846908e-01 8.778952e-01 | 2.076761e+00 0.000000e+00 2.076761e+00 | 7.098893e-10 0.000000e+00 7.098893e-10 | 1.000000e+00 0.000000e+00 1.000000e+00 | ( 3.190550e+00 )
1) 3.730427e-01 2.466736e+00 / 2.489341e+00 7.853646e-01 8.785000e-01 | 2.080567e+00 0.000000e+00 2.080567e+00 | 7.132965e-10 0.000000e+00 7.132965e-10 | 1.000000e+00 0.000000e+00 1.000000e+00 | ( 3.177783e+00 )
1) 3.731427e-01 2.466482e+00 / 2.488411e+00 7.860402e-01 8.791066e-01 | 2.084380e+00 0.000000e+00 2.084380e+00 | 7.167189e-10 0.000000e+00 7.167189e-10 | 1.000000e+00 0.000000e+00 1.000000e+00 | ( 3.164946e+00 )
1) 3.732427e-01 2.466224e+00 / 2.487475e+00 7.867173e-01 8.797149e-01 | 2.088200e+00 0.000000e+00 2.088200e+00 | 7.201606e-10 0.000000e+00 7.201606e-10 | 1.000000e+00 0.000000e+00 1.000000e+00 | ( 3.152041e+00 )
1) 3.733427e-01 2.465963e+00 / 2.486535e+00 7.873962e-01 8.803251e-01 | 2.092028e+00 0.000000e+00 2.092028e+00 | 7.236147e-10 0.000000e+00 7.236147e-10 | 1.000000e+00 0.000000e+00 1.000000e+00 | ( 3.139067e+00 )
1) 3.734427e-01 2.465698e+00 / 2.485589e+00 7.880768e-01 8.809372e-01 | 2.095863e+00 0.000000e+00 2.095863e+00 | 7.270770e-10 0.000000e+00 7.270770e-10 | 1.000000e+00 0.000000e+00 1.000000e+00 | ( 3.126022e+00 )
1) 3.735427e-01 2.465430e+00 / 2.484639e+00 7.887590e-01 8.815511e-01 | 2.099705e+00 0.000000e+00 2.099705e+00 | 7.305530e-10 0.000000e+00 7.305530e-10 | 1.000000e+00 0.000000e+00 1.000000e+00 | ( 3.112907e+00 )
1) 3.736427e-01 2.465158e+00 / 2.483683e+00 7.894431e-01 8.821670e-01 | 2.103555e+00 0.000000e+00 2.103555e+00 | 7.340465e-10 0.000000e+00 7.340465e-10 | 1.000000e+00 0.000000e+00 1.000000e+00 | ( 3.099721e+00 )
1) 3.737427e-01 2.464882e+00 / 2.482722e+00 7.901289e-01 8.827848e-01 | 2.107412e+00 0.000000e+00 2.107412e+00 | 7.375612e-10 0.000000e+00 7.375612e-10 | 1.000000e+00 0.000000e+00 1.000000e+00 | ( 3.086464e+00 )
2) 3.738427e-01 2.464602e+00 / 2.481755e+00 7.908165e-01 8.834046e-01 | 2.111277e+00 0.000000e+00 2.111277e+00 | 7.410923e-10 0.000000e+00 7.410923e-10 | 1.000000e+00 0.000000e+00 1.000000e+00 | ( 3.073134e+00 )
2) 3.739427e-01 2.464319e+00 / 2.480783e+00 7.915059e-01 8.840264e-01 | 2.115149e+00 0.000000e+00 2.115149e+00 | 7.446432e-10 0.000000e+00 7.446432e-10 | 1.000000e+00 0.000000e+00 1.000000e+00 | ( 3.059730e+00 )
1) 3.740427e-01 2.464032e+00 / 2.479806e+00 7.921971e-01 8.846503e-01 | 2.119030e+00 0.000000e+00 2.119030e+00 | 7.482101e-10 0.000000e+00 7.482101e-10 | 1.000000e+00 0.000000e+00 1.000000e+00 | ( 3.046254e+00 )
1) 3.741427e-01 2.463742e+00 / 2.478823e+00 7.928903e-01 8.852762e-01 | 2.122918e+00 0.000000e+00 2.122918e+00 | 7.515920e-10 0.000000e+00 7.515920e-10 | 1.000000e+00 0.000000e+00 1.000000e+00 | ( 3.032703e+00 )
2) 3.742427e-01 2.463448e+00 / 2.477835e+00 7.935853e-01 8.859042e-01 | 2.126815e+00 0.000000e+00 2.126815e+00 | 7.551469e-10 0.000000e+00 7.551469e-10 | 1.000000e+00 0.000000e+00 1.000000e+00 | ( 3.019076e+00 )
2) 3.743427e-01 2.463150e+00 / 2.476841e+00 7.942822e-01 8.865344e-01 | 2.130720e+00 0.000000e+00 2.130720e+00 | 7.587154e-10 0.000000e+00 7.587154e-10 | 1.000000e+00 0.000000e+00 1.000000e+00 | ( 3.005375e+00 )
2) 3.744427e-01 2.462848e+00 / 2.475841e+00 7.949811e-01 8.871668e-01 | 2.134634e+00 0.000000e+00 2.134634e+00 | 7.622984e-10 0.000000e+00 7.622984e-10 | 1.000000e+00 0.000000e+00 1.000000e+00 | ( 2.991597e+00 )
2) 3.745427e-01 2.462542e+00 / 2.474835e+00 7.956820e-01 8.878013e-01 | 2.138556e+00 0.000000e+00 2.138556e+00 | 7.659093e-10 0.000000e+00 7.659093e-10 | 1.000000e+00 0.000000e+00 1.000000e+00 | ( 2.977741e+00 )
2) 3.746427e-01 2.462233e+00 / 2.473823e+00 7.963849e-01 8.884382e-01 | 2.142486e+00 0.000000e+00 2.142486e+00 | 7.695317e-10 0.000000e+00 7.695317e-10 | 1.000000e+00 0.000000e+00 1.000000e+00 | ( 2.963808e+00 )
2) 3.747427e-01 2.461920e+00 / 2.472806e+00 7.970898e-01 8.890773e-01 | 2.146426e+00 0.000000e+00 2.146426e+00 | 7.731671e-10 0.000000e+00 7.731671e-10 | 1.000000e+00 0.000000e+00 1.000000e+00 | ( 2.949796e+00 )
2) 3.748427e-01 2.461604e+00 / 2.471782e+00 7.977968e-01 8.897187e-01 | 2.150374e+00 0.000000e+00 2.150374e+00 | 7.768118e-10 0.000000e+00 7.768118e-10 | 1.000000e+00 0.000000e+00 1.000000e+00 | ( 2.935705e+00 )
1) 3.749427e-01 2.461283e+00 / 2.470752e+00 7.985058e-01 8.903625e-01 | 2.154331e+00 0.000000e+00 2.154331e+00 | 7.804643e-10 0.000000e+00 7.804643e-10 | 1.000000e+00 0.000000e+00 1.000000e+00 | ( 2.921534e+00 )
1) 3.750427e-01 2.460959e+00 / 2.469716e+00 7.992170e-01 8.910086e-01 | 2.158298e+00 0.000000e+00 2.158298e+00 | 7.841259e-10 0.000000e+00 7.841259e-10 | 1.000000e+00 0.000000e+00 1.000000e+00 | ( 2.907282e+00 )
2) 3.751427e-01 2.460631e+00 / 2.468673e+00 7.999304e-01 8.916573e-01 | 2.162274e+00 0.000000e+00 2.162274e+00 | 7.877998e-10 0.000000e+00 7.877998e-10 | 1.000000e+00 0.000000e+00 1.000000e+00 | ( 2.892948e+00 )
2) 3.752427e-01 2.460300e+00 / 2.467624e+00 8.006460e-01 8.923084e-01 | 2.166259e+00 0.000000e+00 2.166259e+00 | 7.914944e-10 0.000000e+00 7.914944e-10 | 1.000000e+00 0.000000e+00 1.000000e+00 | ( 2.878531e+00 )
1) 3.753427e-01 2.459964e+00 / 2.466569e+00 8.013638e-01 8.929620e-01 | 2.170255e+00 0.000000e+00 2.170255e+00 | 7.952013e-10 0.000000e+00 7.952013e-10 | 1.000000e+00 0.000000e+00 1.000000e+00 | ( 2.864030e+00 )
1) 3.754427e-01 2.459625e+00 / 2.465507e+00 8.020838e-01 8.936182e-01 | 2.174260e+00 0.000000e+00 2.174260e+00 | 7.989205e-10 0.000000e+00 7.989205e-10 | 1.000000e+00 0.000000e+00 1.000000e+00 | ( 2.849445e+00 )
2) 3.755427e-01 2.459282e+00 / 2.464438e+00 8.028062e-01 8.942770e-01 | 2.178275e+00 0.000000e+00 2.178275e+00 | 8.026502e-10 0.000000e+00 8.026502e-10 | 1.000000e+00 0.000000e+00 1.000000e+00 | ( 2.834774e+00 )
2) 3.756427e-01 2.458935e+00 / 2.463363e+00 8.035309e-01 8.949385e-01 | 2.182300e+00 0.000000e+00 2.182300e+00 | 8.063850e-10 0.000000e+00 8.063850e-10 | 1.000000e+00 0.000000e+00 1.000000e+00 | ( 2.820017e+00 )
2) 3.757427e-01 2.458584e+00 / 2.462281e+00 8.042580e-01 8.956026e-01 | 2.186335e+00 0.000000e+00 2.186335e+00 | 8.101360e-10 0.000000e+00 8.101360e-10 | 1.000000e+00 0.000000e+00 1.000000e+00 | ( 2.805172e+00 )
2) 3.758427e-01 2.458229e+00 / 2.461191e+00 8.049875e-01 8.962695e-01 | 2.190381e+00 0.000000e+00 2.190381e+00 | 8.139013e-10 0.000000e+00 8.139013e-10 | 1.000000e+00 0.000000e+00 1.000000e+00 | ( 2.790238e+00 )
2) 3.759427e-01 2.457871e+00 / 2.460095e+00 8.057194e-01 8.969393e-01 | 2.194438e+00 0.000000e+00 2.194438e+00 | 8.176796e-10 0.000000e+00 8.176796e-10 | 1.000000e+00 0.000000e+00 1.000000e+00 | ( 2.775215e+00 )
1) 3.760427e-01 2.457508e+00 / 2.458991e+00 8.064539e-01 8.976119e-01 | 2.198506e+00 0.000000e+00 2.198506e+00 | 8.214724e-10 0.000000e+00 8.214724e-10 | 1.000000e+00 0.000000e+00 1.000000e+00 | ( 2.760101e+00 )
1) 3.761427e-01 2.457142e+00 / 2.457880e+00 8.071909e-01 8.982874e-01 | 2.202584e+00 0.000000e+00 2.202584e+00 | 8.252793e-10 0.000000e+00 8.252793e-10 | 1.000000e+00 0.000000e+00 1.000000e+00 | ( 2.744896e+00 )
1) 3.762427e-01 2.456772e+00 / 2.456762e+00 8.079305e-01 8.989658e-01 | 2.206674e+00 0.000000e+00 2.206674e+00 | 8.290994e-10 0.000000e+00 8.290994e-10 | 1.000000e+00 0.000000e+00 1.000000e+00 | ( 2.729597e+00 )
1) 3.763427e-01 2.456398e+00 / 2.455636e+00 8.086727e-01 8.996473e-01 | 2.210776e+00 0.000000e+00 2.210776e+00 | 8.329329e-10 0.000000e+00 8.329329e-10 | 1.000000e+00 0.000000e+00 1.000000e+00 | ( 2.714204e+00 )
1) 3.764427e-01 2.456020e+00 / 2.454502e+00 8.094176e-01 9.003319e-01 | 2.214889e+00 0.000000e+00 2.214889e+00 | 8.367805e-10 0.000000e+00 8.367805e-10 | 1.000000e+00 0.000000e+00 1.000000e+00 | ( 2.698716e+00 )
1) 3.765427e-01 2.455638e+00 / 2.453360e+00 8.101652e-01 9.010196e-01 | 2.219014e+00 0.000000e+00 2.219014e+00 | 8.406417e-10 0.000000e+00 8.406417e-10 | 1.000000e+00 0.000000e+00 1.000000e+00 | ( 2.683131e+00 )
1) 3.766427e-01 2.455252e+00 / 2.452210e+00 8.109155e-01 9.017105e-01 | 2.223151e+00 0.000000e+00 2.223151e+00 | 8.445179e-10 0.000000e+00 8.445179e-10 | 1.000000e+00 0.000000e+00 1.000000e+00 | ( 2.667449e+00 )
1) 3.767427e-01 2.454862e+00 / 2.451053e+00 8.116687e-01 9.024047e-01 | 2.227301e+00 0.000000e+00 2.227301e+00 | 8.484086e-10 0.000000e+00 8.484086e-10 | 1.000000e+00 0.000000e+00 1.000000e+00 | ( 2.651666e+00 )
1) 3.768427e-01 2.454468e+00 / 2.449887e+00 8.124248e-01 9.031022e-01 | 2.231463e+00 0.000000e+00 2.231463e+00 | 8.523171e-10 0.000000e+00 8.523171e-10 | 1.000000e+00 0.000000e+00 1.000000e+00 | ( 2.635784e+00 )
1) 3.769427e-01 2.454071e+00 / 2.448712e+00 8.131838e-01 9.038031e-01 | 2.235638e+00 0.000000e+00 2.235638e+00 | 8.562434e-10 0.000000e+00 8.562434e-10 | 1.000000e+00 0.000000e+00 1.000000e+00 | ( 2.619798e+00 )
2) 3.770427e-01 2.453669e+00 / 2.447529e+00 8.139458e-01 9.045075e-01 | 2.239826e+00 0.000000e+00 2.239826e+00 | 8.601802e-10 0.000000e+00 8.601802e-10 | 1.000000e+00 0.000000e+00 1.000000e+00 | ( 2.603710e+00 )
1) 3.771427e-01 2.453263e+00 / 2.446338e+00 8.147109e-01 9.052154e-01 | 2.244028e+00 0.000000e+00 2.244028e+00 | 8.641341e-10 0.000000e+00 8.641341e-10 | 1.000000e+00 0.000000e+00 1.000000e+00 | ( 2.587516e+00 )
2) 3.772427e-01 2.452853e+00 / 2.445137e+00 8.154790e-01 9.059269e-01 | 2.248243e+00 0.000000e+00 2.248243e+00 | 8.681227e-10 0.000000e+00 8.681227e-10 | 1.000000e+00 0.000000e+00 1.000000e+00 | ( 2.571217e+00 )
2) 3.773427e-01 2.452439e+00 / 2.443927e+00 8.162503e-01 9.066420e-01 | 2.252472e+00 0.000000e+00 2.252472e+00 | 8.721603e-10 0.000000e+00 8.721603e-10 | 1.000000e+00 0.000000e+00 1.000000e+00 | ( 2.554808e+00 )
2) 3.774427e-01 2.452021e+00 / 2.442709e+00 8.170248e-01 9.073610e-01 | 2.256716e+00 0.000000e+00 2.256716e+00 | 8.760335e-10 0.000000e+00 8.760335e-10 | 1.000000e+00 0.000000e+00 1.000000e+00 | ( 2.538290e+00 )
2) 3.775427e-01 2.451599e+00 / 2.441481e+00 8.178026e-01 9.080838e-01 | 2.260973e+00 0.000000e+00 2.260973e+00 | 8.800254e-10 0.000000e+00 8.800254e-10 | 1.000000e+00 0.000000e+00 1.000000e+00 | ( 2.521659e+00 )
2) 3.776427e-01 2.451173e+00 / 2.440243e+00 8.185838e-01 9.088105e-01 | 2.265246e+00 0.000000e+00 2.265246e+00 | 8.839999e-10 0.000000e+00 8.839999e-10 | 1.000000e+00 0.000000e+00 1.000000e+00 | ( 2.504914e+00 )
2) 3.777427e-01 2.450743e+00 / 2.438996e+00 8.193684e-01 9.095412e-01 | 2.269534e+00 0.000000e+00 2.269534e+00 | 8.879912e-10 0.000000e+00 8.879912e-10 | 1.000000e+00 0.000000e+00 1.000000e+00 | ( 2.488055e+00 )
2) 3.778427e-01 2.450308e+00 / 2.437738e+00 8.201565e-01 9.102760e-01 | 2.273837e+00 0.000000e+00 2.273837e+00 | 8.920130e-10 0.000000e+00 8.920130e-10 | 1.000000e+00 0.000000e+00 1.000000e+00 | ( 2.471077e+00 )
2) 3.779427e-01 2.449870e+00 / 2.436471e+00 8.209482e-01 9.110150e-01 | 2.278156e+00 0.000000e+00 2.278156e+00 | 8.960538e-10 0.000000e+00 8.960538e-10 | 1.000000e+00 0.000000e+00 1.000000e+00 | ( 2.453981e+00 )
2) 3.780427e-01 2.449427e+00 / 2.435193e+00 8.217435e-01 9.117583e-01 | 2.282491e+00 0.000000e+00 2.282491e+00 | 9.001076e-10 0.000000e+00 9.001076e-10 | 1.000000e+00 0.000000e+00 1.000000e+00 | ( 2.436764e+00 )
2) 3.781427e-01 2.448980e+00 / 2.433905e+00 8.225426e-01 9.125060e-01 | 2.286843e+00 0.000000e+00 2.286843e+00 | 9.041742e-10 0.000000e+00 9.041742e-10 | 1.000000e+00 0.000000e+00 1.000000e+00 | ( 2.419423e+00 )
2) 3.782427e-01 2.448529e+00 / 2.432606e+00 8.233455e-01 9.132581e-01 | 2.291211e+00 0.000000e+00 2.291211e+00 | 9.082508e-10 0.000000e+00 9.082508e-10 | 1.000000e+00 0.000000e+00 1.000000e+00 | ( 2.401957e+00 )
2) 3.783427e-01 2.448073e+00 / 2.431296e+00 8.241522e-01 9.140148e-01 | 2.295597e+00 0.000000e+00 2.295597e+00 | 9.123371e-10 0.000000e+00 9.123371e-10 | 1.000000e+00 0.000000e+00 1.000000e+00 | ( 2.384363e+00 )
2) 3.784427e-01 2.447614e+00 / 2.429975e+00 8.249630e-01 9.147762e-01 | 2.300001e+00 0.000000e+00 2.300001e+00 | 9.164412e-10 0.000000e+00 9.164412e-10 | 1.000000e+00 0.000000e+00 1.000000e+00 | ( 2.366638e+00 )
2) 3.785427e-01 2.447150e+00 / 2.428643e+00 8.257778e-01 9.155424e-01 | 2.304422e+00 0.000000e+00 2.304422e+00 | 9.205543e-10 0.000000e+00 9.205543e-10 | 1.000000e+00 0.000000e+00 1.000000e+00 | ( 2.348781e+00 )
2) 3.786427e-01 2.446682e+00 / 2.427299e+00 8.265968e-01 9.163136e-01 | 2.308862e+00 0.000000e+00 2.308862e+00 | 9.246754e-10 0.000000e+00 9.246754e-10 | 1.000000e+00 0.000000e+00 1.000000e+00 | ( 2.330788e+00 )
2) 3.787427e-01 2.446209e+00 / 2.425943e+00 8.274201e-01 9.170897e-01 | 2.313321e+00 0.000000e+00 2.313321e+00 | 9.288079e-10 0.000000e+00 9.288079e-10 | 1.000000e+00 0.000000e+00 1.000000e+00 | ( 2.312657e+00 )
2) 3.788427e-01 2.445732e+00 / 2.424574e+00 8.282478e-01 9.178710e-01 | 2.317799e+00 0.000000e+00 2.317799e+00 | 9.329568e-10 0.000000e+00 9.329568e-10 | 1.000000e+00 0.000000e+00 1.000000e+00 | ( 2.294385e+00 )
2) 3.789427e-01 2.445251e+00 / 2.423194e+00 8.290800e-01 9.186577e-01 | 2.322297e+00 0.000000e+00 2.322297e+00 | 9.371162e-10 0.000000e+00 9.371162e-10 | 1.000000e+00 0.000000e+00 1.000000e+00 | ( 2.275969e+00 )
2) 3.790427e-01 2.444765e+00 / 2.421800e+00 8.299167e-01 9.194498e-01 | 2.326816e+00 0.000000e+00 2.326816e+00 | 9.412871e-10 0.000000e+00 9.412871e-10 | 1.000000e+00 0.000000e+00 1.000000e+00 | ( 2.257406e+00 )
2) 3.791427e-01 2.444275e+00 / 2.420393e+00 8.307582e-01 9.202474e-01 | 2.331356e+00 0.000000e+00 2.331356e+00 | 9.454499e-10 0.000000e+00 9.454499e-10 | 1.000000e+00 0.000000e+00 1.000000e+00 | ( 2.238694e+00 )
2) 3.792427e-01 2.443781e+00 / 2.418973e+00 8.316045e-01 9.210508e-01 | 2.335917e+00 0.000000e+00 2.335917e+00 | 9.496415e-10 0.000000e+00 9.496415e-10 | 1.000000e+00 0.000000e+00 1.000000e+00 | ( 2.219827e+00 )
2) 3.793427e-01 2.443282e+00 / 2.417540e+00 8.324558e-01 9.218600e-01 | 2.340500e+00 0.000000e+00 2.340500e+00 | 9.538377e-10 0.000000e+00 9.538377e-10 | 1.000000e+00 0.000000e+00 1.000000e+00 | ( 2.200804e+00 )
2) 3.794427e-01 2.442778e+00 / 2.416092e+00 8.333121e-01 9.226753e-01 | 2.345105e+00 0.000000e+00 2.345105e+00 | 9.580679e-10 0.000000e+00 9.580679e-10 | 1.000000e+00 0.000000e+00 1.000000e+00 | ( 2.181619e+00 )
2) 3.795427e-01 2.442270e+00 / 2.414629e+00 8.341737e-01 9.234968e-01 | 2.349734e+00 0.000000e+00 2.349734e+00 | 9.622880e-10 0.000000e+00 9.622880e-10 | 1.000000e+00 0.000000e+00 1.000000e+00 | ( 2.162271e+00 )
2) 3.796427e-01 2.441758e+00 / 2.413152e+00 8.350407e-01 9.243247e-01 | 2.354387e+00 0.000000e+00 2.354387e+00 | 9.665019e-10 0.000000e+00 9.665019e-10 | 1.000000e+00 0.000000e+00 1.000000e+00 | ( 2.142756e+00 )
2) 3.797427e-01 2.441241e+00 / 2.411660e+00 8.359132e-01 9.251592e-01 | 2.359065e+00 0.000000e+00 2.359065e+00 | 9.707227e-10 0.000000e+00 9.707227e-10 | 1.000000e+00 0.000000e+00 1.000000e+00 | ( 2.123069e+00 )
2) 3.798427e-01 2.440719e+00 / 2.410152e+00 8.367914e-01 9.260004e-01 | 2.363768e+00 0.000000e+00 2.363768e+00 | 9.749701e-10 0.000000e+00 9.749701e-10 | 1.000000e+00 0.000000e+00 1.000000e+00 | ( 2.103205e+00 )
2) 3.799427e-01 2.440193e+00 / 2.408628e+00 8.376755e-01 9.268486e-01 | 2.368497e+00 0.000000e+00 2.368497e+00 | 9.792307e-10 0.000000e+00 9.792307e-10 | 1.000000e+00 0.000000e+00 1.000000e+00 | ( 2.083160e+00 )
2) 3.800427e-01 2.439662e+00 / 2.407088e+00 8.385655e-01 9.277039e-01 | 2.373252e+00 0.000000e+00 2.373252e+00 | 9.835020e-10 0.000000e+00 9.835020e-10 | 1.000000e+00 0.000000e+00 1.000000e+00 | ( 2.062930e+00 )
1) 3.801427e-01 2.439126e+00 / 2.405531e+00 8.394618e-01 9.285666e-01 | 2.378035e+00 0.000000e+00 2.378035e+00 | 9.877951e-10 0.000000e+00 9.877951e-10 | 1.000000e+00 0.000000e+00 1.000000e+00 | ( 2.042510e+00 )
2) 3.802427e-01 2.438585e+00 / 2.403956e+00 8.403644e-01 9.294369e-01 | 2.382847e+00 0.000000e+00 2.382847e+00 | 9.920754e-10 0.000000e+00 9.920754e-10 | 1.000000e+00 0.000000e+00 1.000000e+00 | ( 2.021894e+00 )
2) 3.803427e-01 2.438040e+00 / 2.402363e+00 8.412737e-01 9.303151e-01 | 2.387689e+00 0.000000e+00 2.387689e+00 | 9.963774e-10 0.000000e+00 9.963774e-10 | 1.000000e+00 0.000000e+00 1.000000e+00 | ( 2.001077e+00 )
2) 3.804427e-01 2.437490e+00 / 2.400752e+00 8.421897e-01 9.312014e-01 | 2.392560e+00 0.000000e+00 2.392560e+00 | 1.000689e-09 0.000000e+00 1.000689e-09 | 1.000000e+00 0.000000e+00 1.000000e+00 | ( 1.980054e+00 )
2) 3.805427e-01 2.436935e+00 / 2.399122e+00 8.431128e-01 9.320961e-01 | 2.397463e+00 0.000000e+00 2.397463e+00 | 1.005009e-09 0.000000e+00 1.005009e-09 | 1.000000e+00 0.000000e+00 1.000000e+00 | ( 1.958818e+00 )
1) 3.806427e-01 2.436375e+00 / 2.397472e+00 8.440432e-01 9.329994e-01 | 2.402398e+00 0.000000e+00 2.402398e+00 | 1.009336e-09 0.000000e+00 1.009336e-09 | 1.000000e+00 0.000000e+00 1.000000e+00 | ( 1.937363e+00 )
1) 3.807427e-01 2.435810e+00 / 2.395802e+00 8.449810e-01 9.339117e-01 | 2.407366e+00 0.000000e+00 2.407366e+00 | 1.013690e-09 0.000000e+00 1.013690e-09 | 1.000000e+00 0.000000e+00 1.000000e+00 | ( 1.915683e+00 )
2) 3.808427e-01 2.435240e+00 / 2.394110e+00 8.459266e-01 9.348333e-01 | 2.412369e+00 0.000000e+00 2.412369e+00 | 1.018038e-09 0.000000e+00 1.018038e-09 | 1.000000e+00 0.000000e+00 1.000000e+00 | ( 1.893770e+00 )
2) 3.809427e-01 2.434665e+00 / 2.392398e+00 8.468803e-01 9.357645e-01 | 2.417408e+00 0.000000e+00 2.417408e+00 | 1.022428e-09 0.000000e+00 1.022428e-09 | 1.000000e+00 0.000000e+00 1.000000e+00 | ( 1.871617e+00 )
2) 3.810427e-01 2.434085e+00 / 2.390662e+00 8.478422e-01 9.367056e-01 | 2.422484e+00 0.000000e+00 2.422484e+00 | 1.026759e-09 0.000000e+00 1.026759e-09 | 1.000000e+00 0.000000e+00 1.000000e+00 | ( 1.849215e+00 )
2) 3.811427e-01 2.433500e+00 / 2.388904e+00 8.488129e-01 9.376570e-01 | 2.427599e+00 0.000000e+00 2.427599e+00 | 1.031109e-09 0.000000e+00 1.031109e-09 | 1.000000e+00 0.000000e+00 1.000000e+00 | ( 1.826557e+00 )
2) 3.812427e-01 2.432909e+00 / 2.387121e+00 8.497925e-01 9.386192e-01 | 2.432753e+00 0.000000e+00 2.432753e+00 | 1.035476e-09 0.000000e+00 1.035476e-09 | 1.000000e+00 0.000000e+00 1.000000e+00 | ( 1.803634e+00 )
1) 3.813427e-01 2.432314e+00 / 2.385314e+00 8.507814e-01 9.395926e-01 | 2.437950e+00 0.000000e+00 2.437950e+00 | 1.039864e-09 0.000000e+00 1.039864e-09 | 1.000000e+00 0.000000e+00 1.000000e+00 | ( 1.780436e+00 )
1) 3.814427e-01 2.431712e+00 / 2.383481e+00 8.517800e-01 9.405775e-01 | 2.443189e+00 0.000000e+00 2.443189e+00 | 1.044263e-09 0.000000e+00 1.044263e-09 | 1.000000e+00 0.000000e+00 1.000000e+00 | ( 1.756953e+00 )
1) 3.815427e-01 2.431106e+00 / 2.381621e+00 8.527887e-01 9.415745e-01 | 2.448473e+00 0.000000e+00 2.448473e+00 | 1.048660e-09 0.000000e+00 1.048660e-09 | 1.000000e+00 0.000000e+00 1.000000e+00 | ( 1.733175e+00 )
2) 3.816427e-01 2.430494e+00 / 2.379733e+00 8.538079e-01 9.425840e-01 | 2.453804e+00 0.000000e+00 2.453804e+00 | 1.053060e-09 0.000000e+00 1.053060e-09 | 1.000000e+00 0.000000e+00 1.000000e+00 | ( 1.709090e+00 )
2) 3.817427e-01 2.429877e+00 / 2.377815e+00 8.548381e-01 9.436067e-01 | 2.459183e+00 0.000000e+00 2.459183e+00 | 1.057459e-09 0.000000e+00 1.057459e-09 | 1.000000e+00 0.000000e+00 1.000000e+00 | ( 1.684685e+00 )
2) 3.818427e-01 2.429254e+00 / 2.375868e+00 8.558797e-01 9.446431e-01 | 2.464614e+00 0.000000e+00 2.464614e+00 | 1.061863e-09 0.000000e+00 1.061863e-09 | 1.000000e+00 0.000000e+00 1.000000e+00 | ( 1.659948e+00 )
1) 3.819427e-01 2.428626e+00 / 2.373889e+00 8.569333e-01 9.456938e-01 | 2.470098e+00 0.000000e+00 2.470098e+00 | 1.066271e-09 0.000000e+00 1.066271e-09 | 1.000000e+00 0.000000e+00 1.000000e+00 | ( 1.634864e+00 )
1) 3.820427e-01 2.427991e+00 / 2.371877e+00 8.579994e-01 9.467596e-01 | 2.475638e+00 0.000000e+00 2.475638e+00 | 1.070684e-09 0.000000e+00 1.070684e-09 | 1.000000e+00 0.000000e+00 1.000000e+00 | ( 1.609418e+00 )
1) 3.821427e-01 2.427351e+00 / 2.369830e+00 8.590787e-01 9.478411e-01 | 2.481236e+00 0.000000e+00 2.481236e+00 | 1.075099e-09 0.000000e+00 1.075099e-09 | 1.000000e+00 0.000000e+00 1.000000e+00 | ( 1.583593e+00 )
1) 3.822427e-01 2.426705e+00 / 2.367746e+00 8.601717e-01 9.489391e-01 | 2.486896e+00 0.000000e+00 2.486896e+00 | 1.079517e-09 0.000000e+00 1.079517e-09 | 1.000000e+00 0.000000e+00 1.000000e+00 | ( 1.557371e+00 )
1) 3.823427e-01 2.426054e+00 / 2.365625e+00 8.612793e-01 9.500545e-01 | 2.492620e+00 0.000000e+00 2.492620e+00 | 1.084006e-09 0.000000e+00 1.084006e-09 | 1.000000e+00 0.000000e+00 1.000000e+00 | ( 1.530734e+00 )
2) 3.824427e-01 2.425396e+00 / 2.363464e+00 8.624021e-01 9.511882e-01 | 2.498413e+00 0.000000e+00 2.498413e+00 | 1.088392e-09 0.000000e+00 1.088392e-09 | 1.000000e+00 0.000000e+00 1.000000e+00 | ( 1.503660e+00 )
2) 3.825427e-01 2.424732e+00 / 2.361260e+00 8.635410e-01 9.523413e-01 | 2.504277e+00 0.000000e+00 2.504277e+00 | 1.092751e-09 0.000000e+00 1.092751e-09 | 1.000000e+00 0.000000e+00 1.000000e+00 | ( 1.476126e+00 )
2) 3.826427e-01 2.424061e+00 / 2.359012e+00 8.646970e-01 9.535147e-01 | 2.510217e+00 0.000000e+00 2.510217e+00 | 1.097119e-09 0.000000e+00 1.097119e-09 | 1.000000e+00 0.000000e+00 1.000000e+00 | ( 1.448107e+00 )
1) 3.827427e-01 2.423385e+00 / 2.356718e+00 8.658710e-01 9.547099e-01 | 2.516237e+00 0.000000e+00 2.516237e+00 | 1.101495e-09 0.000000e+00 1.101495e-09 | 1.000000e+00 0.000000e+00 1.000000e+00 | ( 1.419576e+00 )
2) 3.828427e-01 2.422701e+00 / 2.354373e+00 8.670642e-01 9.559279e-01 | 2.522342e+00 0.000000e+00 2.522342e+00 | 1.105874e-09 0.000000e+00 1.105874e-09 | 1.000000e+00 0.000000e+00 1.000000e+00 | ( 1.390503e+00 )
1) 3.829427e-01 2.422012e+00 / 2.351975e+00 8.682778e-01 9.571705e-01 | 2.528538e+00 0.000000e+00 2.528538e+00 | 1.110253e-09 0.000000e+00 1.110253e-09 | 1.000000e+00 0.000000e+00 1.000000e+00 | ( 1.360855e+00 )
2) 3.830427e-01 2.421315e+00 / 2.349521e+00 8.695131e-01 9.584391e-01 | 2.534830e+00 0.000000e+00 2.534830e+00 | 1.114624e-09 0.000000e+00 1.114624e-09 | 1.000000e+00 0.000000e+00 1.000000e+00 | ( 1.330593e+00 )
2) 3.831427e-01 2.420612e+00 / 2.347007e+00 8.707717e-01 9.597356e-01 | 2.541226e+00 0.000000e+00 2.541226e+00 | 1.118987e-09 0.000000e+00 1.118987e-09 | 1.000000e+00 0.000000e+00 1.000000e+00 | ( 1.299678e+00 )
2) 3.832427e-01 2.419901e+00 / 2.344428e+00 8.720552e-01 9.610620e-01 | 2.547732e+00 0.000000e+00 2.547732e+00 | 1.123338e-09 0.000000e+00 1.123338e-09 | 1.000000e+00 0.000000e+00 1.000000e+00 | ( 1.268063e+00 )
2) 3.833427e-01 2.419184e+00 / 2.341780e+00 8.733656e-01 9.624207e-01 | 2.554358e+00 0.000000e+00 2.554358e+00 | 1.127675e-09 0.000000e+00 1.127675e-09 | 1.000000e+00 0.000000e+00 1.000000e+00 | ( 1.235696e+00 )
2) 3.834427e-01 2.418459e+00 / 2.339058e+00 8.747051e-01 9.638141e-01 | 2.561112e+00 0.000000e+00 2.561112e+00 | 1.131992e-09 0.000000e+00 1.131992e-09 | 1.000000e+00 0.000000e+00 1.000000e+00 | ( 1.202518e+00 )
2) 3.835427e-01 2.417726e+00 / 2.336255e+00 8.760760e-01 9.652454e-01 | 2.568006e+00 0.000000e+00 2.568006e+00 | 1.136288e-09 0.000000e+00 1.136288e-09 | 1.000000e+00 0.000000e+00 1.000000e+00 | ( 1.168462e+00 )
2) 3.836427e-01 2.416986e+00 / 2.333363e+00 8.774813e-01 9.667178e-01 | 2.575052e+00 0.000000e+00 2.575052e+00 | 1.140558e-09 0.000000e+00 1.140558e-09 | 1.000000e+00 0.000000e+00 1.000000e+00 | ( 1.133452e+00 )
2) 3.837427e-01 2.416238e+00 / 2.330376e+00 8.789242e-01 9.682353e-01 | 2.582265e+00 0.000000e+00 2.582265e+00 | 1.144802e-09 0.000000e+00 1.144802e-09 | 1.000000e+00 0.000000e+00 1.000000e+00 | ( 1.097398e+00 )
2) 3.838427e-01 2.415481e+00 / 2.327283e+00 8.804085e-01 9.698025e-01 | 2.589661e+00 0.000000e+00 2.589661e+00 | 1.149016e-09 0.000000e+00 1.149016e-09 | 1.000000e+00 0.000000e+00 1.000000e+00 | ( 1.060197e+00 )
2) 3.839427e-01 2.414716e+00 / 2.324074e+00 8.819388e-01 9.714247e-01 | 2.597259e+00 0.000000e+00 2.597259e+00 | 1.153200e-09 0.000000e+00 1.153200e-09 | 1.000000e+00 0.000000e+00 1.000000e+00 | ( 1.021727e+00 )
2) 3.840427e-01 2.413942e+00 / 2.320734e+00 8.835203e-01 9.731084e-01 | 2.605085e+00 0.000000e+00 2.605085e+00 | 1.157345e-09 0.000000e+00 1.157345e-09 | 1.000000e+00 0.000000e+00 1.000000e+00 | ( 9.818414e-01 )
2) 3.841427e-01 2.413159e+00 / 2.317247e+00 8.851597e-01 9.748613e-01 | 2.613165e+00 0.000000e+00 2.613165e+00 | 1.161416e-09 0.000000e+00 1.161416e-09 | 1.000000e+00 0.000000e+00 1.000000e+00 | ( 9.403667e-01 )
2) 3.842427e-01 2.412366e+00 / 2.313595e+00 8.868649e-01 9.766930e-01 | 2.621535e+00 0.000000e+00 2.621535e+00 | 1.165400e-09 0.000000e+00 1.165400e-09 | 1.000000e+00 0.000000e+00 1.000000e+00 | ( 8.970859e-01 )
2) 3.843427e-01 2.411563e+00 / 2.309751e+00 8.886458e-01 9.786153e-01 | 2.630239e+00 0.000000e+00 2.630239e+00 | 1.169308e-09 0.000000e+00 1.169308e-09 | 1.000000e+00 0.000000e+00 1.000000e+00 | ( 8.517267e-01 )
2) 3.844427e-01 2.410750e+00 / 2.305685e+00 8.905153e-01 9.806437e-01 | 2.639333e+00 0.000000e+00 2.639333e+00 | 1.173129e-09 0.000000e+00 1.173129e-09 | 1.000000e+00 0.000000e+00 1.000000e+00 | ( 8.039436e-01 )
2) 3.845427e-01 2.409925e+00 / 2.301354e+00 8.924900e-01 9.827980e-01 | 2.648889e+00 0.000000e+00 2.648889e+00 | 1.176847e-09 0.000000e+00 1.176847e-09 | 1.000000e+00 0.000000e+00 1.000000e+00 | ( 7.532825e-01 )
2) 3.846427e-01 2.409089e+00 / 2.296702e+00 8.945928e-01 9.851055e-01 | 2.659009e+00 0.000000e+00 2.659009e+00 | 1.180437e-09 0.000000e+00 1.180437e-09 | 1.000000e+00 0.000000e+00 1.000000e+00 | ( 6.991273e-01 )
2) 3.847427e-01 2.408239e+00 / 2.291649e+00 8.968558e-01 9.876049e-01 | 2.669833e+00 0.000000e+00 2.669833e+00 | 1.183876e-09 0.000000e+00 1.183876e-09 | 1.000000e+00 0.000000e+00 1.000000e+00 | ( 6.406003e-01 )
2) 3.848427e-01 2.407376e+00 / 2.286075e+00 8.993278e-01 9.903544e-01 | 2.681574e+00 0.000000e+00 2.681574e+00 | 1.187158e-09 0.000000e+00 1.187158e-09 | 1.000000e+00 0.000000e+00 1.000000e+00 | ( 5.763834e-01 )
3) 3.849427e-01 2.406496e+00 / 2.279783e+00 9.020878e-01 9.934482e-01 | 2.694578e+00 0.000000e+00 2.694578e+00 | 1.190143e-09 0.000000e+00 1.190143e-09 | 1.000000e+00 0.000000e+00 1.000000e+00 | ( 5.043410e-01 )
3) 3.850427e-01 2.405599e+00 / 2.272412e+00 9.052824e-01 9.970613e-01 | 2.709483e+00 0.000000e+00 2.709483e+00 | 1.192669e-09 0.000000e+00 1.192669e-09 | 1.000000e+00 0.000000e+00 1.000000e+00 | ( 4.205088e-01 )
3) 3.851427e-01 2.404680e+00 / 2.263124e+00 9.092507e-01 1.001599e+00 | 2.727770e+00 0.000000e+00 2.727770e+00 | 1.194371e-09 0.000000e+00 1.194371e-09 | 1.000000e+00 0.000000e+00 1.000000e+00 | ( 3.157108e-01 )
4) 3.852427e-01 2.403731e+00 / 2.248424e+00 9.154086e-01 1.008751e+00 | 2.755613e+00 0.000000e+00 2.755613e+00 | 1.193741e-09 0.000000e+00 1.193741e-09 | 1.000000e+00 0.000000e+00 1.000000e+00 | ( 1.516732e-01 )
